4.9423620645090125	2.4484249338960824
4.944251448979019	2.5670703268913084
4.942975267590583	2.54381439172169
4.944836094092713	1.3218297953529152
4.945689173892783	0.024717246061909434
4.945313600089003	-0.03311858512151642
4.945993963956997	0.14493736092337156
4.94514907751463	0.08109758052338845
4.946777266832747	0.01425471667494571
4.944567383617246	-0.10003503458337715
4.945358052901307	0.10169672965316276
4.944442685369417	0.09062694476829178
4.946178472362705	-0.09927480051505663
4.9440811503233295	0.030694271976865275
4.943054277832221	0.03188260275949839
4.946080384268127	0.07866075693084165
4.947331559333934	0.05805348347800667
4.945187313525908	0.04325948507009944
4.9430066413379965	0.10750889916787985
4.94760429140155	0.13760230699340822
4.944713760380317	-0.027283141547885064
4.944277744239827	0.08621029696158496
4.9470408873394	0.15356893533797575
4.946681502234881	0.00858046701898321
4.944283612215161	0.07168401394812579
4.9478764427066135	0.1612183255995704
4.944761075176384	0.12298879466734336
4.944861490084278	0.07160800378117695
4.9455566162622	0.12775158265906647
4.9480315933986745	0.08896359181685945
4.946178066673751	0.06239984074711797
4.946382530834663	0.13005440539815696
4.946384876198412	0.06488482937817615
4.948045214298238	0.19848065496112247
4.946687453466426	0.10125531030681853
4.944942151274935	0.0689633272691152
4.948102496529502	0.09932324896973038
4.947054143960418	0.11705814806170987
4.946810848824866	0.012154300298598682
4.948277701398618	0.11106053578404067
4.9464635008746285	0.03630213024070696
4.945262481938693	0.11201130831519222
4.950286753853613	-0.025691952577458786
4.946973731146146	-0.08997504893699151
4.945464566634296	0.0745907044301214
4.945287258897444	0.043752395975498806
4.945867914793874	0.1375036963465803
4.944199429535859	0.03422368710479198
4.947735754982302	0.09545552670242727
4.948361066651438	-0.006968608522908041
4.945880508255849	0.05132274082702074
4.945165583322911	0.0763310224750476
4.946927657956488	0.08290521178727354
4.947964168709289	0.03360506351254662
4.945659799946213	0.0683558003536108
4.94498150598705	0.057128225855927334
4.946710724877503	0.016540719797969564
4.946762336211366	0.004603497514036779
4.9468925011364995	0.05960351627286031
4.945400003086906	0.06652801302320267
4.946913399908407	0.04958162673414304
4.945440795183437	0.12129662014611778
4.9479660139090225	0.10833795580179408
4.94778741080837	0.1075099914582081
4.946345049152468	0.12519477097398307
4.944501306647997	0.1298794767571053
4.947063174784725	0.13600742740566166
4.946037990354416	0.14573305139773482
4.949967538688345	0.06015121050316715
4.944102591923189	0.16528962926921167
4.945481437882828	0.031356928109213734
4.948823539512491	0.08233548639204705
4.946727672024348	0.10613778187377476
4.94884470101378	0.05297352085478348
4.9479235080913355	0.07576497280227323
4.96740547431526	0.04267787522510661
5.02398016125237	0.030854227965495723
5.047471477772499	0.0028773461436679922
5.102885237525356	0.0016810747413470556
5.138597563018351	-0.10813568804415119
5.184863537517018	-0.036052073126226526
5.233166194724458	-0.15131061805112814
5.26475854386036	-0.18576425192296359
5.321111794562363	-0.2154071793573806
5.345210503910494	-0.16918414202561977
5.398236492389817	-0.1828065316228248
5.429351282065683	-0.29647812433978443
5.477040390241189	-0.2432814421578742
5.506936740470975	-0.29193323502862395
5.524995467423098	-0.3151327865024955
5.572373317617602	-0.39453577105426496
5.618497720273853	-0.4205012035469663
5.651981448198928	-0.42856190400651234
5.708255832690739	-0.502209460216135
5.7366134664771185	-0.45302218194197225
5.788961830978074	-0.5158667021497323
5.815788126488993	-0.5452454608232968
5.8712482713146255	-0.6982174195705101
5.910373465360893	-0.7172722075402106
5.949804223010007	-0.7461635796494578
6.004555032354055	-0.711813438631224
6.032115670674033	-0.8206175340886329
6.084481032562062	-0.7503157177683338
6.110039932002747	-0.8051351147365158
6.167713645931029	-0.7276547382455415
6.197359965817286	-0.7814259634850208
6.246475391559304	-0.7187240450895592
6.295325599490797	-0.7403396729786705
6.326078805110489	-0.7188256711196866
6.382525314032176	-0.7681556736750612
6.408252293170948	-0.8940582254049898
6.461281338116191	-0.8323669155358455
6.48787295784366	-0.8412635739182006
6.541719221429084	-0.7848531749929338
6.583609403872217	-0.8393790934097962
6.626908253292685	-0.851470528883212
6.67816933144271	-0.9345050891532988
6.704777045246775	-0.9259446774535663
6.759781269542964	-0.857712236604475
6.7870826630867835	-0.8774822761408049
6.8397735509548365	-0.9031306150962867
6.873687256414515	-0.9777395059535375
6.919122626317989	-0.9771508227011779
6.96619943676998	-0.920057398083931
6.999051850540283	-0.96829905579632
7.055913296193609	-0.9875397085502324
7.079724668367479	-1.1461739183096553
7.130493349513429	-1.0323203847787337
7.160600922853474	-1.1290658581571773
7.215937073105685	-0.9100718553333698
7.257069067704409	-1.0617911325027618
7.293961430221188	-1.0565781272625963
7.346797221819543	-1.0709839472027238
7.3736264764460735	-1.1662936943141602
7.429171725963883	-1.1535458469681013
7.453676529728263	-1.1709485143719125
7.509455277884564	-1.1344331378212855
7.548354627681329	-1.1404107711158575
7.5787386333997375	-1.2005175185758996
7.63291987529365	-1.222634039364733
7.671462727725524	-1.1777969959903452
7.729173001063803	-1.2597895791418803
7.751274666192531	-1.3215820235105025
7.808455573411791	-1.2631066977146381
7.83599469640226	-1.3438662108646862
7.887396515655501	-1.3115156396907668
7.935361125435367	-1.3966845236769614
7.967975066494478	-1.413240113311433
8.025261284814434	-1.3970396239526415
8.047293103385652	-1.3388638885689852
8.099406976114638	-1.2628755376365015
8.130915169897035	-1.416518741890011
8.18477406872087	-1.376200680686183
8.222843497793567	-1.265199282700326
8.264442501821694	-1.4593704880136966
8.32081947382697	-1.301199179310403
8.347566235889747	-1.555851297790666
8.40209528643606	-1.28994535343517
8.42859927031457	-1.4329218229699
8.483373423433463	-1.4982409749104226
8.511599933982302	-1.4252611092985694
8.560050160009053	-1.5681022556465511
8.608992340065315	-1.493038935603154
8.642935765244653	-1.4511490752372127
8.699720071431361	-1.6353579853791687
8.722346507833883	-1.546465822936659
8.781201931160103	-1.704497957302309
8.802154371857908	-1.6678849465462027
8.857480171590193	-1.720974235074053
8.899833586799696	-1.74925756722235
8.937680508850546	-1.7462158216612271
8.992789073220942	-1.739177549633341
9.014422977878835	-1.7166188796496145
9.071034231299105	-1.7133770066405825
9.09633451460416	-1.7711604575378208
9.153689917923515	-1.6729101076396853
9.188799494816289	-1.7729800576557329
9.230342782481898	-1.920881927422287
9.287571008045951	-1.744147108184161
9.31324690956747	-1.8769986322427044
9.366513157612948	-1.8399430684753015
9.389961314065655	-1.8346857692073468
9.448391126448216	-1.94367859753857
9.476706554709825	-2.0641590432498758
9.528874012983913	-1.842011275526854
9.574121343573063	-1.9366722948626087
9.609388534405221	-1.9903671011537583
9.665341241720526	-1.8936236667172566
9.684162748760604	-2.05109803957674
9.728438422713914	-2.014068972124717
9.768054971333585	-2.213390827795376
9.822235142101247	-2.112958401233973
9.865410046030435	-2.054121851716654
9.907126713897753	-2.1504295798162056
9.962080530612008	-2.085896522745022
9.984279898561683	-2.3077309040979914
10.039614727027141	-2.2637214080108934
10.068494497229445	-2.267069287796274
10.120668425733644	-2.220363132107408
10.156414225539606	-2.2231989180522316
10.197692006343784	-2.251673046841066
10.249883051888983	-2.2550422527676077
10.282072489115144	-2.3243397329560467
10.335815360652472	-2.2801407989713627
10.363889070194968	-2.2647089261816706
10.419358971025707	-2.4048185936912043
10.447248672735414	-2.4275580807538297
10.495872014988455	-2.478243946603383
10.544264232743794	-2.34965107386556
10.582765044633506	-2.436974358195083
10.638811952228123	-2.5828754830777387
10.664545517473426	-2.50252261803192
10.719637661935426	-2.6190629309020963
10.746280887865753	-2.562854349164785
10.804588453871384	-2.5671592507059895
10.832809006333768	-2.559735466391704
10.880314060271363	-2.5562393876335974
10.931736506890234	-2.5983222540455095
10.964403679049347	-2.6414911086012816
11.014996080814287	-2.5275160710112496
11.04096961480883	-2.6173533078703684
11.09686121204031	-2.6036765073199777
11.12437466406666	-2.578973024323016
11.177753202562705	-2.6366764914334992
11.221159627826555	-2.677488954684514
11.254596045117767	-2.714967855428383
11.31474806328685	-2.7843932064045602
11.339993441764463	-2.8446120559519588
11.395632931200714	-2.8438218898186793
11.422645400804228	-2.8159464950082156
11.476411556241448	-2.920175999132463
11.512717336640362	-2.8481901955034474
11.556836923962633	-2.9735101427421893
11.608776379309315	-2.8647518771389713
11.640244428008872	-3.0562206237819227
11.6968614036339	-2.886185349066038
11.723507650476272	-3.0378333989761135
11.776865628035203	-3.0737183038944047
11.806073168320006	-3.083327650271092
11.848415738829997	-3.082487556539906
11.900670238579181	-3.0502486389523398
11.94034875420277	-3.032884921628616
11.997276320994306	-3.1661335379060205
12.017815365895915	-3.0275930563367472
12.074280016726274	-3.1629528017106305
12.103047788666588	-3.1782684299846395
12.16005532618036	-3.194324781704731
12.190194485349291	-3.2682138068961977
12.236087532720651	-3.203952970089569
12.287135706557178	-3.3574356854491683
12.321185372447335	-3.3816311541444395
12.377457379230645	-3.350495095621315
12.399902885526691	-3.39491432305036
12.453657795442778	-3.39695964661953
12.483012203896887	-3.437408764457895
12.536906753219142	-3.3550223129989685
12.581448337758752	-3.538185562024988
12.61828388150527	-3.5233809353011902
12.671730018916334	-3.4144511983212955
12.697679901575578	-3.4573584642383777
12.75415328111291	-3.500096506248893
12.77698283227642	-3.4861477585065024
12.8347927325506	-3.4397355116651434
12.873163914902188	-3.362261741875667
12.918606105956359	-3.439534791732464
12.968459944956615	-3.295897936705274
12.993636165523531	-3.337289010967842
13.053336667522904	-3.4061171819968874
13.077240074884138	-3.4696928416306028
13.133228729163736	-3.45505184165293
13.162612459440812	-3.5101350399752187
13.212023533508713	-3.437917652591815
13.260474968071096	-3.474151325811848
13.294828279327382	-3.545792616106467
13.348178543467897	-3.482397662667647
13.374734686666267	-3.5128720067450767
13.424161212435651	-3.4956291712059926
13.455527920512083	-3.4653516446057995
13.516938899611665	-3.4713726451363605
13.550580224277477	-3.4854362256919424
13.595556162195958	-3.496516935135057
13.648396931071535	-3.4331885270020144
13.674756347743946	-3.3884793180057025
13.728340647548702	-3.3418175887434303
13.75759876223034	-3.4479922385189057
13.813191058259193	-3.360574686224106
13.843519477936642	-3.5068118211264814
13.892314795300054	-3.3721392306330036
13.940058354645712	-3.3958010443386653
13.960411305142836	-3.2680665132004454
14.0205115586482	-3.269123423251778
14.055735419776857	-3.2722715330660734
14.110026857017937	-3.163448380452408
14.137675638596884	-3.235992559587155
14.191788179323927	-3.13281792491731
14.227738549174449	-3.092558508119181
14.271253751080677	-3.214371768143764
14.325232901012205	-3.05970477340566
14.35838649152725	-3.110261419654411
14.41075605180104	-2.9993730902673708
14.437341887475315	-2.991012814290494
14.490576827383093	-3.0188759555894515
14.518185520607707	-2.866739958075016
14.569261580080608	-2.8918568464813563
14.614396822925494	-2.8015611058621745
14.650905847337983	-2.857165492169474
14.708795575312829	-2.6864666063946943
14.733671724401292	-2.6545174866710286
14.790236141708016	-2.603737313136535
14.81336032442613	-2.4788161462017033
14.870347045853096	-2.483830352947163
14.902958996945328	-2.3114828386255746
14.951795478942815	-2.3521873058078717
15.000198194763891	-2.1662521102417416
15.029173273915747	-1.9352350609039466
15.086821693075107	-1.736508304863815
15.110632079213167	-1.565247202362318
15.167342261361144	-1.3896166092065445
15.188699620791683	-1.157911388827339
15.239601523199974	-0.9963131648585087
15.28254236118262	-0.6836231034194712
15.318991594277017	-0.40545419759937484
15.373476467496554	-0.037018463754083276
15.397380368455215	0.35572864734014736
15.448164338796131	0.778422809285857
15.472369163353259	1.3015167482420875
15.523654464717668	1.5952880118572654
15.559684479179465	2.239718225856642
15.601797983998795	2.7791876903867516
15.64604542392958	3.5644692105486384
15.672426527126282	4.223732133063139
15.725992830022514	5.132860234865041
15.745713844757434	5.949735175370228
15.79509227022657	6.781886736144805
15.820855862726548	7.837527268076412
15.869331028383117	8.76293041136195
15.902564909923592	10.321524440443312
15.935319616642216	11.186488288478404
15.983029061536696	12.954476377633597
16.002065704816342	14.000357040616375
16.037333696679827	15.118393143225976
16.068228779694905	16.977278742221934
16.113394466162806	18.704921049168764
16.139533355625233	20.896870931330003
16.17337309650568	22.01990433004496
16.215418278004172	24.28229812391335
16.23802939175008	25.796426258288868
16.280568073723163	27.995939446649086
16.299458063134686	29.857221742462745
16.34384667885849	31.638068357763867
16.362175528053104	33.99506984734028
16.405248606786607	35.275773454985696
16.438895919637147	37.5974252370796
16.439028443921238	38.578115683065135
16.440227949554966	38.537290607170995
16.437056964360217	38.62146574858648
16.43929241825767	38.61740438806859
16.439226798862503	38.476254254442175
16.44281359336512	38.31652820616579
