5.037544401390539	0.15013876841370935
5.042205961873304	0.19333052134672402
5.04086383609417	0.13845537619717577
5.0403579997756935	0.17907552187611736
5.038657034307178	0.17645681539409666
5.04104091939765	0.2293545459881491
5.040762096072664	0.2722153978412071
5.039813918064423	0.16036078871032008
5.039316787229165	0.14521584072998248
5.040142523066637	0.2073082164377888
5.043390281941285	0.16334357707348826
5.040392254388413	0.10441999684180274
5.038952992965122	0.20648952994204972
5.0408136479393	0.24251324344622963
5.039249978737535	0.3012238502337408
5.039005584817032	0.2600267551485366
5.03940984812683	0.29779229769926396
5.041754441598757	0.23981618168302515
5.038784431842924	0.1290137543103361
5.040616505426785	0.17417503413869032
5.038911767473339	0.20375430587176285
5.0418162606246035	0.11712200771372712
5.041911479089094	0.13260191148811704
5.041329075261661	0.1650064749039503
5.040997469728019	0.18085437790979986
5.072546633554293	0.26372552327188686
5.131136224241157	0.20637170822533124
5.156044855948217	0.0774416024336227
5.212000427834406	0.15516623986672856
5.232208504959546	0.26591437213518626
5.286895664986844	0.10646022140113304
5.3283027756640795	0.17863388076173747
5.369450570716927	0.11914760054761782
5.424209486715666	0.06594284369220677
5.44956629060804	0.07835822599715477
5.504700909623807	-0.00695532853302032
5.529119901547313	-0.07219606230291754
5.586739713831651	-0.04068923906782316
5.615515200261154	-0.045687283226413564
5.666516584632507	-0.0010480354255983475
5.715311931533565	-0.10297293273655796
5.747701546821032	-0.12267256092136147
5.802625999968665	-0.19625021220497457
5.82430158837626	-0.13938924351938914
5.880960383511788	-0.05434670276945618
5.904454825579416	-0.17184056523618998
5.942928849063803	0.11594112105517854
6.0013506780247035	-0.08702392998592079
6.039766787367265	-0.07759251439370693
6.09647511364054	-0.03961779493518834
6.118223000861658	-0.032514083131749597
6.17442104461737	0.06486771556219281
6.196055729024277	0.14308526886565412
6.252044448145259	0.06998366418676902
6.288344688336942	0.11322811185318446
6.335086779095976	0.09248641718061532
6.385373244480755	0.1694971551701186
6.412621707721302	0.02836422180634514
6.46772481249368	0.10033747071653322
6.496586388385804	0.13078621713562819
6.551040293533372	0.10573956299738022
6.579829851367705	0.07628221899966818
6.631674942472005	0.08828321779887673
6.674881420924329	0.10727285892543509
6.713929527011246	0.023701929489757835
6.767089659568228	0.1619435620802642
6.7881070789351465	-0.08069134701933198
6.844192165873698	-0.03251089893994455
6.868903608853783	-0.0461131159207732
6.925422051666089	0.06750748338772025
6.962967971993349	0.06753560489871172
7.004147195976612	0.09140591696816969
7.059433464845339	0.0496978236427275
7.08866051348749	-0.03986574649464044
7.146000511668321	0.06358601712630625
7.167933892975091	0.04879665764232295
7.22339151321993	0.15952168797034363
7.252177259327107	0.10980430796009724
7.300061303927382	0.16040494868429514
7.345863746027948	0.053614096560126584
7.37877020187773	0.03873198011248249
7.437004724414239	-0.045690070221735414
7.462799513373689	-0.00412818823162879
7.518439855162427	-0.1076621500097319
7.54225850559394	-0.16011852745685268
7.594605861098289	-0.11409585920087405
7.637739228613844	-0.015767053067441212
7.676539765747988	-0.11988768398073836
7.730107221471123	-0.09645140009307103
7.753130304905923	-0.08967782973131352
7.808777152389569	-0.07331828304093838
7.8361653819303925	-0.1431842523505511
7.891486167353703	-0.18240934633732134
7.92605753996633	-0.25839568480762193
7.96788487446543	-0.2458673497528413
8.02009499201186	-0.11983293541052287
8.042416517256367	0.0196803233750568
8.09329134528287	-0.12174773028550125
8.12613337929684	-0.046219351085087956
8.185706807088435	-0.021779407954567714
8.213748582985037	-0.03245885792575472
8.267363174622092	0.006938354536949899
8.305956372978734	0.03920738789286766
8.345139479304244	0.002973271136754773
8.397042365647454	0.132241773437048
8.425746164296013	0.0651932942092767
8.479429261006032	0.17822002188635286
8.504131553942576	0.15730466960147696
8.559064778663203	0.33901567560674
8.599244260756176	0.2806458468517246
8.640392803972222	0.12130812268174458
8.694324022398657	0.08879396613632996
8.720740231693638	0.10718449429288075
8.77466491023999	0.256145425591724
8.80047981865147	0.21231196367588068
8.860795079749758	0.12872097581781547
8.887908013295705	0.2587024755946964
8.93422958524346	0.2301327581622776
8.980363739928842	0.39314755856268374
9.015030913471296	0.3795961678368027
9.070322537716622	0.28178121479333135
9.098123663918058	0.24728818399534477
9.150633709201689	0.5202588536644973
9.172519908948845	0.6176221562422202
9.227415640226685	0.6122775912519813
9.270082348033197	0.7093675233503312
9.306235833598594	0.7357300464068932
9.36295147804647	0.7558556413398682
9.391249147955723	0.7797697194967909
9.443333921939352	0.8721814929340432
9.468395954734527	0.8492412958686509
9.524800704685472	0.8542257277727753
9.56092093601909	0.8998684444931313
9.604324863376881	0.9319834549828799
9.653561502006179	0.7365918700956645
9.682928637591479	0.8209004016750631
9.740135364791444	0.6825566978633693
9.76183255723961	0.610203657951133
9.819356986877123	0.8218202259802524
9.84854375543951	0.7641371499442173
9.902598781389809	0.5808482262960158
9.944191673636153	0.7720410256474097
9.975715283855902	0.9016495595818078
10.03782761680802	0.8341524552014951
10.063826665813739	0.7298418567953163
10.111705142286121	1.04483826774722
10.135417153347573	1.2012470501572303
10.16771740799198	1.1744069810792184
10.22009043804517	1.1895918224813127
10.245616299062714	1.2322317635804743
10.303137469630743	1.1630196905657817
10.327103297764817	1.357214762422818
10.37811232223153	1.105479749247326
10.428433572594773	1.2120120512858878
10.461873799716729	1.1182678143922615
10.52073537356433	1.083279774167454
10.538782783894321	1.3320792554313325
10.59365388579817	1.6926663917389604
10.6183284985324	1.4861069922199035
10.674462757858906	1.780502248199794
10.709616690767183	1.758617435289243
10.754282881043128	1.660324009432536
10.809220932009692	1.5244136570541285
10.834645664459437	1.6701123970888514
10.890297766546697	1.597870605291535
10.914223617505948	1.644685711975676
10.968511086262401	1.8925869135335907
11.00072801350076	2.1501696999235413
11.044156942082619	2.140812876175836
11.099658530202339	2.0950412592668473
11.128768464733952	2.041893890683287
11.182048473637327	2.180853517151135
11.200401467253924	2.4890458993909834
11.258739270218516	2.532896437445629
11.285345750316747	2.514684207480284
11.342029604351113	2.598267248098726
11.384628222696907	2.892095335635751
11.417074033588893	3.0241847968671722
11.474134943389592	3.0411818554975385
11.494951061301993	3.285068476353536
11.555384097958264	3.375674680638646
11.577602797476034	3.1230733537991573
11.62983128607791	3.433287015981063
11.670875067879177	3.4908392819753984
11.71668257747065	3.3713271102652844
11.766819077496407	3.756651967906685
11.790662859768675	3.4949724473422776
11.843784615289504	4.087313856139763
11.872786237320334	4.056174178163691
11.925220186429764	4.235002858381207
11.953584816945575	4.67573752735783
12.004625073863066	4.788266731685336
12.048600385817322	5.048096427134468
12.083198851268149	5.327387469288357
12.134785055135982	5.700955741331315
12.160969238574165	5.886023226425822
12.217839590008138	6.1100514182881565
12.239287868907025	6.072595199118435
12.295223432544438	6.452609673836955
12.332823637614151	6.483704260082283
12.373128684433095	6.338445340678057
12.429794797872919	6.008963695314235
12.460583696655108	5.829205346938683
12.510119147160955	6.125720311459094
12.535688026442443	6.514252077234139
12.589014173576674	6.640298784807592
12.619586757367438	7.014788978022193
12.666297644300728	7.26142360274533
12.71110770357833	7.800433800567129
12.743391912729486	7.740701707034622
12.797969749967951	8.216457555662597
12.820966477562624	8.485834009252637
12.876633204849306	8.556960635514441
12.901479578132825	8.98517484882149
12.950264754119772	9.117474653725312
12.995705874022939	9.6611299667708
13.030295083010818	9.4776852378373
13.078731756479185	10.164821686683801
13.105118212987396	11.135050013718729
13.163978097078157	10.342123326817864
13.187882587497077	10.46780272363379
13.239872721113283	10.636150136720236
13.274480134206692	11.37283558405802
13.318801473688955	11.632234025080834
13.36254664274705	12.44239287783022
13.38809243186575	12.910475352148996
13.443215903365154	13.097018499961873
13.467923462115746	13.668160231647132
13.523502087086433	13.592923733937157
13.55403846776794	14.265733075601561
13.59899915286554	13.988607547017619
13.642539858453981	14.676073308158152
13.677044305670167	15.13380941485636
13.73442235174058	15.836456599854314
13.757534015229664	15.62289197008972
13.808924967204158	15.95839022530811
13.832874300432842	16.519289082226326
13.886910188802647	17.26420733856964
13.918129896956488	17.963421157169183
13.958881616054677	18.108368027431563
14.004928897045806	19.181556041294602
14.02901152843011	20.089503431866387
14.076660853373932	21.076817640595227
14.098488349376874	22.12451827937753
14.146258772538916	23.35642423698363
14.174334511700957	24.86958449289941
14.219228481659469	25.66459410960152
14.2600201164086	26.52604820373459
14.287659686312649	26.594722085444925
14.328891943983036	27.89985821195648
14.35458835289767	29.162502702260667
14.400249798009424	30.331357627277516
14.429467182531925	31.898430023815102
14.471172904449942	32.799659238039744
14.512349616174548	34.380978114183165
14.54446819294064	34.891750430719185
14.5885194462381	35.567080849625285
14.605400078724072	36.583721557555336
14.60998150443031	35.013801813345296
14.608369299264295	34.56527006321486
14.620428141752368	33.93415018801591
14.621398372250928	32.029779610607946
14.624803714081184	31.61524695758912
