5.038256346865278	0.0502873815816943
5.04336345493661	0.03251919907943095
5.04308586943481	0.17930174929728426
5.041781817033016	0.08996389764623643
5.043038046759639	0.07908553995132682
5.040613383028756	0.11537430763351951
5.041873536840894	0.006923945433891397
5.043705970354825	0.12620706882717408
5.041347815630447	0.05918861599852746
5.042377894232564	0.08426723452373919
5.041560786694571	-0.07002385511790724
5.043584885611747	0.07509973613460587
5.0408350604017045	0.016458281254772784
5.043092210898674	0.06277947245740702
5.042356789921298	0.015407739587052122
5.041200961546176	0.08238812278779595
5.041383453279755	0.06822077796103079
5.041735864703693	-0.0015659688550770563
5.0421818300018835	0.06828333806207665
5.042044518893167	0.005628517239578557
5.040971329674459	0.06592433684543278
5.04089589650834	0.09238522561099316
5.041285597225075	0.09052410191077019
5.041324109551434	0.0031865631924605452
5.039423211446856	0.09970515297489839
5.041979086374983	0.059228277722333474
5.042982587909206	0.009645047514224648
5.042323426848673	0.13988249242977713
5.0400281584268125	0.02088167809171913
5.0429922226527015	0.013538018237959196
5.04427615381481	0.09163243401177135
5.041930248324816	0.06391785909228283
5.040071701705509	0.09177430101057524
5.042626768112761	-0.04268593003828001
5.0429886550902925	0.010736659298279834
5.041479982960457	0.0390129627238054
5.0411948408187595	-0.0028533190659184356
5.039237308761532	0.03839547114153647
5.0420083116493455	-0.05489796760379356
5.041486205073593	-0.023255367715967055
5.040701786415578	0.028089941939376306
5.0401577235391155	-0.049304112170960396
5.041442413848161	0.024861128419698543
5.041401726585656	0.0117525852925137
5.041483416907459	-0.009350031894178809
5.042619767595026	-0.08620463525621484
5.042069970712804	0.010680045559580067
5.040791103064166	-0.022932928576083558
5.042117361360555	0.08955557469683247
5.041861661643427	-0.0060902171890088175
5.043122231951553	-0.0014134437506481434
5.046382624285011	0.0087649412023421
5.103310304743955	-0.04660812283826047
5.138081096531181	-0.10020356215427788
5.185880354691863	0.007347396604339021
5.233563960837115	-0.0023289187543498323
5.261229864495009	-0.10681092730274025
5.317691688907436	-0.06424778414354633
5.340698320303622	-0.1684276800820671
5.398193363755402	-0.10907698454237945
5.4245616488785355	0.009047927146573603
5.476716704344518	-0.012144717932944641
5.521631491331856	0.0018402541286848876
5.557265021947272	-0.12414849254801004
5.615025270092914	-0.1502635903304612
5.6352032191448505	-0.29120417467743626
5.691240844759188	-0.2256470970786844
5.718370327387028	-0.2726834620636352
5.774648977938359	-0.3643137381808487
5.809553053117956	-0.24090376484477133
5.849495356115792	-0.24244704364442946
5.904191555400351	-0.2850759923309323
5.929041607836208	-0.1714157495034719
5.990637927689596	-0.1995732713207787
6.0144625586479155	-0.17155939561152306
6.065354978664981	-0.2859584172772847
6.101480475292314	-0.22544906484220892
6.143952915751292	-0.1835802757496866
6.196144470917858	-0.13432142432428645
6.22336484473302	-0.2003347135284015
6.2797640070636565	-0.1036367316094351
6.30409055672024	-0.1913221995519206
6.360468303840197	-0.23524968449521397
6.389109069464045	-0.2957341078860303
6.437528215507731	-0.36658705087624155
6.484758977956991	-0.3803465129797052
6.522674536758883	-0.3523643567195806
6.581227506683975	-0.3669550716225119
6.600167382799507	-0.34117551549892494
6.655610517876632	-0.44766895186163325
6.682046186215318	-0.4188935958800901
6.735703274728181	-0.41645119167696
6.77279232358536	-0.5023895064850413
6.8173098203649936	-0.4842775868364814
6.867290576443212	-0.4260957313170116
6.8937194800532655	-0.34118529149736043
6.951975175658486	-0.340078336344168
6.977480325103198	-0.44549296223446644
7.034249076379316	-0.44512090332395426
7.063209487010466	-0.4846366789368122
7.1116416422592295	-0.5855341530703438
7.159940264970254	-0.6198318873226282
7.193154276729063	-0.5168283599326666
7.245144645433202	-0.6336269547808178
7.270780770979201	-0.5969480656780488
7.330676225811581	-0.5918547473230892
7.350948882965154	-0.7464007444275944
7.406613562063729	-0.7005668007705069
7.4483484635085535	-0.7515084446052102
7.489462155066079	-0.7022276100094658
7.5419479524052235	-0.6745664067123838
7.569382804563277	-0.4741741809945702
7.625567764263089	-0.4705974415606885
7.6489077716541995	-0.5121867797576771
7.70329193015205	-0.5101680964876063
7.7357582745127385	-0.4470581447651751
7.782504955628886	-0.4959331554393873
7.829973803656765	-0.3687334874300929
7.859805592988318	-0.39856269008508854
7.916089152529132	-0.45415306197648764
7.938800281660852	-0.5076463373921417
7.997635235170977	-0.3596027082008207
8.022718770037297	-0.3999645255621953
8.07979632892708	-0.476420111957421
8.119335654733506	-0.47857815161353134
8.15826995413799	-0.5665361807475564
8.210640425826709	-0.6413037731145433
8.237686317027318	-0.5425656841402079
8.293741648635404	-0.3674536177530137
8.319663997619287	-0.3950614229479194
8.376549431575969	-0.2927292254684995
8.407532498927324	-0.35818240639723226
8.453182843776407	-0.3431710703487931
8.503625314178686	-0.4624098450997725
8.53507505236885	-0.497322758919801
8.588067929929554	-0.614162125986924
8.616729460939107	-0.6915434516049692
8.667195040186561	-0.8066322297881129
8.701721040218182	-0.6745711350055186
8.749965104462353	-0.6023617229964915
8.7955297120321	-0.671496044799657
8.832864461098533	-0.7132915561060383
8.888553123708046	-0.878220340438601
8.90607856735198	-0.7083986531664482
8.964100464625155	-0.6470306380646114
8.989978302866067	-0.6368871666824709
9.047195528321268	-0.5887418704918225
9.08249059390208	-0.491431428146037
9.128712597700197	-0.4979343422043877
9.180754919337817	-0.5071422172709965
9.206006354669833	-0.46762969370434165
9.265928307988844	-0.4314604209290507
9.286267788712815	-0.3252528750098556
9.337084067193201	-0.2746536178534082
9.372376558583403	-0.11993066806077343
9.416195853736937	-0.25091791401702784
9.467262172013783	-0.16564789222138174
9.499030790646461	-0.20517206688486778
9.555280144923202	-0.08466186619204245
9.575487387479273	-0.0752818759594701
9.629668884558008	-0.10207362277536684
9.66073964694318	-0.08380533680139209
9.71343353666104	-0.0018129406632045387
9.756316850351103	-0.03916541707652676
9.793946523936109	-0.024056294563963625
9.849571116904748	0.19819236934064854
9.872634551836295	0.1399343447756376
9.921059196762922	0.27004624746783557
9.95180956035145	0.21826563363699888
10.009076944480615	0.10680956318215314
10.045359935131527	0.1338377246546583
10.088567990478603	0.07147129826849996
10.139229652402099	0.19635774361079295
10.16853460807442	0.18267648783983206
10.224227737460344	0.13696827507443038
10.251239921446956	-0.03433313128518819
10.306825426455795	-0.4634073064225047
10.336715540246141	-0.3277480947603199
10.388266591315128	-0.39959783376915614
10.433904654458663	-0.412688575873964
10.47184036830283	-0.3479892407701203
10.524986129276082	-0.3577379418778523
10.54699512447901	-0.4162617438494711
10.606912298698726	-0.08809169423178749
10.62952909143333	-0.16104411853162642
10.68817352369419	-0.06876797941836693
10.72188206501447	-0.11958996119264585
10.767688688504329	-0.20139541515115852
10.817885928633087	-0.15554264934573703
10.847379111062176	-0.0157057019063376
10.898859087673262	0.13727715491937795
10.927588330876235	0.047108078603613414
10.98500550685955	0.08970440421898486
11.01099046823866	0.08082297501178135
11.060764598298421	0.17058799493036245
11.105085545135648	0.36431510809605183
11.13638439730311	0.3511101471776216
11.193327413774847	0.17823608602846094
11.2181458113076	-0.005757808417403786
11.2775050594993	0.13695761531381967
11.301260502918758	0.20248030728204913
11.356559123428235	0.18799675433522633
11.395242026152745	0.2219047693283787
11.436041106976864	0.0930181333817556
11.492271564738793	0.3222832350925953
11.513411478001625	0.39765251724177464
11.57183598521272	0.5475285346227617
11.591675377256408	0.5767787423096139
11.647237878962898	0.6980565334806194
11.685826284279344	0.5323171704255228
11.72774161436555	0.6417225783284654
11.779883608415679	0.8861396699822889
11.810621152622607	0.9013159435252451
11.870105844325389	1.0798883029224269
11.889770121362494	0.9907237663017151
11.946538436462273	1.0365781457178482
11.97337908584474	1.0099223294683244
12.02298865461424	1.2410166252471158
12.067980338526183	1.2180259842283951
12.105045367106277	1.1546408100979875
12.157267088673386	1.2875449097309863
12.184366686832673	1.2714583677682292
12.23899027710345	1.3710883697199017
12.267563227543992	1.5429132826990046
12.32637414189602	1.555241753448533
12.355811898863617	1.7803075400282347
12.399518813910456	1.8008025127954734
12.454366948629225	1.7597348061195595
12.481049121766484	1.7763867506558289
12.533791505020467	2.1119350559409416
12.565889875161462	2.056746269553601
12.619080241526174	1.939635723207707
12.646127374961408	2.051171959497703
12.695538705209012	1.8753670831451659
12.74109407932863	2.196178801463995
12.778201131156209	2.433776951332815
12.834005541796015	2.4139405435741597
12.85998783582521	2.444156052908515
12.912524369216825	2.7333386693999837
12.937676167364508	2.9936709524538467
12.994831316480406	2.8500964109348934
13.028787833027241	2.7732542067230725
13.07003130180574	3.1548848160060996
13.124212379497004	3.091317164846479
13.153995938428125	2.870245814487045
13.207280347637306	3.137677938333627
13.231302911898663	3.6402047090968748
13.289257042845994	3.7103388720917314
13.32066660036327	3.534762175188709
13.366774962331167	3.3529889135996958
13.411677512907758	3.77213809528031
13.448973006309089	3.9600527013142677
13.502306264723682	4.418217366467695
13.524243780264541	4.4357476315866755
13.581855160191763	4.427778829153386
13.603952838623956	4.570637038400275
13.655885342630251	4.668217332726595
13.695258755284415	5.215128753310079
13.737375782789348	5.150002205254104
13.789233122684847	5.6170981312234955
13.811628604244348	5.7922118525960204
13.865067507223847	6.0701248629269795
13.892863262264612	6.330972884099123
13.944334302080831	6.703471641722357
13.973876441708255	7.590639082635366
14.020652743295715	7.6182616023049565
14.066051124851315	8.26650019907208
14.098347015237072	8.420057504621212
14.140471233804144	8.646571062451224
14.174268590533982	9.240617551345679
14.225334465417559	9.780385494137859
14.251658332951523	10.29714595147044
14.302006257965806	10.831137834873124
14.351582220292824	10.154160391101236
14.38797425983883	9.576329509856704
14.438186082683425	10.031258355937492
14.466147788054043	10.433155301762254
14.520566016222757	10.512734485983787
14.543814825916007	10.72800965067699
14.595711352430806	11.14694358661855
14.627262480572105	11.85083204703527
14.666521115684374	12.345681794246666
14.721967317150073	12.575683111223476
14.743630476850518	13.063839760080517
14.796075968523676	13.694689455611892
14.8217321256037	14.263970235715373
14.873316424535085	14.394634784354077
14.907639829413382	14.753929986141422
14.94778051043375	15.043586486171854
15.005669805137567	15.16884765991597
15.033991307040656	14.93460892342538
15.082532363099562	15.846057304751815
15.102271336924675	16.688962539935318
15.146024281669538	18.072652999338317
15.17113467674188	19.86800720128353
15.216256449845948	21.00237874406703
15.250208725866708	23.1216467721727
15.280097552197178	24.044903468974507
15.321177444792314	26.099798837878783
15.347234692526923	27.553404758927854
15.390611604588058	29.068393954043977
15.409776176711143	30.66792355080631
15.45434207179869	31.915771455960492
15.4817936079754	34.28533313243951
15.528186195443935	34.23552421353495
15.567917741558544	36.011050858583225
15.591021963675237	37.501358545597505
15.638780237784909	38.91682545182809
15.653543998655467	39.98981268286924
15.653989664259592	39.745415169692045
15.65373109752836	39.62619338502048
15.653689181733379	39.66230196948318
15.654711431284875	39.62464433694195
15.653131184407327	39.51887592152441
