4.946166456892994	0.06017387857627845
4.9470516443503705	-0.022343283625239223
4.94663919159496	0.043554087095304464
4.950787374997105	-0.020022391756146025
4.949358267445474	0.0357338742113009
4.94764734696242	0.014407267997973991
4.94907926596311	-0.05137325248224882
4.949630116227953	0.048815964052722594
4.949790740549675	-0.019763808570834672
4.96138607960247	0.0813797883633413
5.012340268524797	-0.01625364092247635
5.0439341561199065	-0.013689793894689618
5.095782394893298	-0.19001851282873472
5.142226887627476	-0.09725752424369355
5.169972515657019	-0.19332387438559862
5.227998388921732	-0.27479116849843094
5.250858068675287	-0.2750046880877698
5.30627083701636	-0.26933896988126343
5.33658774590617	-0.29790007807991536
5.385220576194561	-0.32154515326378724
5.429682640610052	-0.3080931940574666
5.463792370314918	-0.3822051821846623
5.519545774287989	-0.462421368610735
5.548467350854512	-0.2537871950582732
5.602904710145294	-0.3909717851986215
5.627484015433296	-0.4579573898781317
5.679604677059547	-0.36708266256572686
5.718460290452155	-0.39376701572756617
5.75605263467428	-0.33910939192192063
5.81272436922224	-0.31650084398986433
5.839102923723331	-0.3712144443648482
5.892836796103884	-0.31683956818554776
5.917210974868695	-0.33776012539933475
5.974343809964452	-0.27077681783948515
6.007006453275064	-0.35024050890871344
6.051237852690319	-0.3768889224087891
6.1052185245740755	-0.4048393658397227
6.134885407663541	-0.40885123567563614
6.190095831794066	-0.28307620553153523
6.209189354952716	-0.4026222283119117
6.268158521364885	-0.475174705543181
6.298167236366748	-0.48888928609905935
6.349941102846234	-0.518066528791995
6.393024152570041	-0.5483154986200631
6.430463785659269	-0.6135288490024321
6.487174735880002	-0.6152077323363462
6.501313047563768	-0.7534292833346701
6.555482373876307	-0.7521093381874483
6.592706310982811	-0.6401875118267522
6.645892966042332	-0.5657310484297966
6.6786311621200785	-0.5989483734938348
6.726475342327367	-0.6358411264228911
6.775452230525456	-0.7170990533046161
6.805001885142724	-0.6200662198556733
6.861935697087775	-0.6846145011370621
6.885446588928087	-0.5341625836105244
6.938387769952138	-0.7270843676671983
6.973279454178057	-0.7145653948645166
7.016468517165125	-0.7218823382898465
7.066684065991957	-0.818729849789765
7.096339424036772	-0.741515290425047
7.150457959712613	-0.8487643285520939
7.180386327068126	-0.7810887009025637
7.235823146272793	-0.9084343882688922
7.260763081894554	-0.8759656097666655
7.315986448965228	-1.0584025502689676
7.357127622502761	-1.0378044702597227
7.3968534802635375	-1.056037711919009
7.452805271547353	-0.9552438150433247
7.476729663687344	-1.0406392400435602
7.527162762126968	-1.0267514272066085
7.557581670468856	-1.093495291486665
7.614154434138845	-1.0227696830689423
7.64498408625049	-1.0323787679579346
7.690816901307604	-1.1150997200899482
7.7431144326202865	-1.1470680839832146
7.767778089270296	-1.0930769426360398
7.824586407126141	-1.1313791406648173
7.85292716323478	-1.143790738018282
7.909638861212731	-1.1558163514145348
7.933370192453305	-1.167055543909341
7.991708009839114	-1.0992078275736106
8.029850521204168	-1.1255241649541403
8.06715494386575	-1.2576392652185326
8.11631661631241	-1.1327362253381814
8.151284372512283	-1.3120605968364811
8.204131666306278	-1.2598260420401768
8.229160569886929	-1.3223395238041962
8.285700808970418	-1.2962042898150454
8.318922320970213	-1.3984989108521972
8.367467771712496	-1.3189193492939728
8.417059779922825	-1.3655241818150319
8.445990877340153	-1.3706827893418798
8.497201306330632	-1.5581973159084412
8.525553761056416	-1.6050907265692167
8.57927536180692	-1.6598980835190116
8.608038291345732	-1.594409019198022
8.649540450652646	-1.6518745424454284
8.705530305869404	-1.5291950614360286
8.73400773522703	-1.6347515427402353
8.787475379686267	-1.611821970680761
8.814605872958664	-1.6281773815627634
8.869097748586812	-1.5925771523287329
8.89929909706103	-1.6392258055517779
8.935583757048956	-1.7061104478502795
8.987156577455723	-1.567060207624788
9.014904719254249	-1.6204790417995958
9.073585328999998	-1.7332790679290604
9.09428781013717	-1.6347450022381549
9.15289698675716	-1.6680773802284203
9.188074777359716	-1.7364965365242024
9.231150645169595	-1.8103179870090322
9.28583562604849	-1.8437160695725034
9.314018514711456	-1.808114511385252
9.368883338315934	-1.9540758595296361
9.392618423011672	-1.8588583215817198
9.44852042157955	-1.838073309322707
9.47884553842321	-1.8587738660245412
9.531194292060574	-1.9176423435191448
9.576119599034525	-1.903426496036864
9.607921646974232	-1.9151307692035018
9.664861265361871	-1.9048721141512839
9.690626098095239	-2.07936290400472
9.74397280529664	-1.9297468335169674
9.771366162928269	-2.062660249062484
9.828158504798013	-2.0118047240452235
9.865242932579502	-2.1424710302783123
9.903835043202873	-2.134594339364408
9.961712554904127	-2.0839098603925836
9.987425230653557	-2.2117223198257623
10.042056582731092	-2.194276371245204
10.06662770572944	-2.2254006363427488
10.123059304123698	-2.2506195711454913
10.156427575737313	-2.2777593133849825
10.200264703599691	-2.3451079788196867
10.256040306859894	-2.340423090988173
10.284772708255133	-2.2353211679589675
10.341725715675155	-2.397527157161189
10.364094645778133	-2.249713541143164
10.423374779589615	-2.465001901034496
10.448390508108561	-2.3525911009785405
10.503636612819506	-2.3686758191474464
10.542681479625866	-2.389455376574751
10.586145561039293	-2.395459628653634
10.639975026876783	-2.463408966054526
10.664618276535155	-2.5271509202707376
10.718847634867842	-2.487534324605623
10.744995094257249	-2.562195107528376
10.800752265430964	-2.54302240681776
10.831941269817554	-2.6277619363007814
10.88251107023848	-2.6167199981993416
10.930889046036208	-2.744507546793101
10.961335905063029	-2.8821745254420224
11.010458194198444	-2.881266425053018
11.041652043058034	-2.8469687123155345
11.093887073545433	-2.7964954409185183
11.12197234910853	-2.918100199269316
11.175970449929926	-2.871419181152847
11.221528762216275	-2.9362660565452647
11.254007067791512	-2.9362927944885104
11.307694744608876	-2.9219996542256292
11.337829394826068	-2.972368529147055
11.39559895549109	-2.9823544724040736
11.41856745163704	-3.052049470142601
11.474210688179005	-2.9243339713358547
11.511426726197454	-2.950296285836159
11.555086604777761	-2.9091056319539135
11.609707450779297	-2.978027802840622
11.63301661322626	-2.9544679411972044
11.686409002368432	-2.967662980478502
11.714645975907706	-3.0896024314806754
11.766410616045256	-2.9722336544613395
11.803061618449105	-3.020637815184802
11.846450032600153	-3.14529630946554
11.900248415300608	-3.2556471757416916
11.92726236999029	-3.3190388208648076
11.981485689291473	-3.3305593840381524
12.010289768534603	-3.2703568857459526
12.065634528138212	-3.370062740640965
12.095075011560969	-3.3216291592430234
12.147125009157241	-3.420688321994331
12.191450771142627	-3.462946166696864
12.229527730559838	-3.4303584758425814
12.285704473131286	-3.344781585009182
12.311486224753605	-3.325247645682241
12.366671722927624	-3.4263110006519364
12.387890843123225	-3.4721301570149476
12.4418574909078	-3.455265924198464
12.48094482045115	-3.548281709362344
12.524677334487022	-3.520760661809213
12.578880355171467	-3.4632171622722607
12.604861995408294	-3.4693931819701804
12.663404580932017	-3.3602023528471925
12.686458641297989	-3.4780530218795005
12.74102480894455	-3.711570476036836
12.772736534056664	-3.584778849629437
12.824014165961815	-3.4608153697545276
12.869974248524741	-3.479233708284825
12.906703007116828	-3.5603374881764758
12.964375442073987	-3.6842266956190626
12.98537759898267	-3.6841963067781496
13.04145602566246	-3.6183025141359164
13.066607568979585	-3.6464840166908834
13.11273357111058	-3.572726729987883
13.157040860356242	-3.3655717988871126
13.162640830839123	-3.586698708759586
13.218751905919135	-3.5470853949304044
13.256165906741677	-3.471839015302943
13.29757739246479	-3.418702293240101
13.353078573228315	-3.436197714297598
13.378309820411813	-3.5292080446297907
13.432909967018077	-3.5194637408181193
13.460760879021445	-3.452667453222261
13.51787863726058	-3.272569875880483
13.54938224959578	-3.3759598042839767
13.599203280125101	-3.371894243413481
13.64765606668542	-3.3737485502290654
13.678048563014242	-3.3407652103031595
13.731097457406834	-3.3845507670131783
13.756247267332999	-3.4398306702737025
13.811470326487052	-3.231391662523096
13.840781666395525	-3.417209784425898
13.894434895351182	-3.373591053548666
13.932966794809976	-3.51821362943253
13.97434874884202	-3.361544504587787
14.030697856657492	-3.468595293675277
14.052449057137354	-3.402239280175905
14.109916739366538	-3.4880040945952855
14.13076982546322	-3.480045187319381
14.188047151420617	-3.477760071268497
14.227567912818857	-3.4435731647648575
14.267107646723696	-3.4914776440378934
14.32550565423078	-3.5184036978795272
14.3527803035352	-3.446333235130143
14.41105044140964	-3.5257413203467576
14.428004913483354	-3.4346749027017114
14.486694571947838	-3.3981627318577017
14.517445430500063	-3.435977718750607
14.566058233063428	-3.3235077430386313
14.613821282929576	-3.151793455899971
14.649794785675711	-3.1693696700320677
14.705469697397652	-3.1007200950915896
14.72765518075275	-2.957916753573862
14.783080311657793	-2.864595663333377
14.806309719593399	-2.7912152482382835
14.866471405538617	-2.6561150078765476
14.903726917421048	-2.5299423029587587
14.941824725751891	-2.4023535429297747
14.992015337791669	-2.182150718949762
15.025158342636901	-2.147067733870678
15.085439957407852	-1.965823723355292
15.1026302668468	-1.7218858807028372
15.157691115817363	-1.5645342680363414
15.188651134092273	-1.3248440180925374
15.21449307215599	-1.228457279337595
15.26870425526956	-1.00466072253418
15.292206898369484	-0.6841490282337082
15.346130767862538	-0.42907447143402555
15.374998871297644	0.0046394981490916545
15.4252783964742	0.36134108468727333
15.467688082730328	0.8146497116996827
15.50300467520656	1.0971878036567433
15.55407181215016	1.648799253532665
15.577748804871627	2.2414012811474486
15.628283960411965	2.572340884196444
15.650856798976035	3.3625083364996335
15.701452370018801	4.040244865780064
15.73865258397826	4.909460450607144
15.778921428273728	5.521592842780513
15.823107090124589	6.546024339610168
15.844013543735935	7.275370853732317
15.894347224275366	8.445708443710622
15.91603836143466	9.572293224173977
15.965432920553885	10.719995377673332
15.98655320984785	12.28764577949778
16.027492300860835	13.217084207351911
16.068091581581285	15.122176356715528
16.09414050748408	16.073779104645215
16.1386321342479	18.094896412970492
16.16020321208003	19.742550535857347
16.2012218632543	21.3876967105015
16.225216061903588	23.440791503344318
16.26512100792816	25.056734847566975
16.294168750211895	27.49788824587453
16.327495736765776	28.83694669307264
16.36870987103106	31.224073225519366
16.39167129719819	32.96764396043896
16.436451898262334	35.10813835726068
16.45318028265639	37.09630986072763
16.49708915504501	38.67241941562853
16.52059058366776	40.80664116643266
16.522098284718833	41.15006385558218
16.52188126597355	41.19608415555426
16.52092827013077	41.175497149051864
16.520708721706917	41.147680425126794
16.51988118076201	41.057454025083715
16.52274695188519	41.10341327264621
