4.94302651419974	0.3375825804243161
4.944959649996331	0.23873032063093272
4.945911887253498	0.12187703348206796
4.945172564179014	0.3058555299442795
4.945256763453237	0.2755945134778835
4.945906467457299	0.09786763975414282
4.94700819914358	0.1661646630963728
4.946742564853247	0.19174001554313239
4.94459287424093	0.08671913880128253
4.944533461491272	0.21768349962018016
4.947526762930201	0.1076451591216957
4.946223328317643	0.08394792707465817
4.947651312861133	0.16419176003092795
4.94571439822659	0.10840382095393841
4.947044431732735	0.0677164249454806
4.94734443839595	0.2225524102372154
4.948409923793477	0.06585978791052914
4.944887757507351	0.10916678409309336
4.9452040324681565	0.21187410386090108
4.946879231205093	0.3973606031101308
4.945248278261976	0.35759628345306643
4.9452526462282	0.130035182788731
4.9458439337775	0.38535450033611723
4.9467718827534135	0.28653961176682075
4.94445481529743	0.26843416476594867
4.947191855899536	0.32962021257405943
4.947868723876157	0.3496141434928854
4.9457972726576145	0.1559316884517607
4.945790506498673	0.19732539910598138
4.944720990566836	0.3132343747864841
4.946685942434257	0.3018104991669959
4.945808056084541	0.23408498032923983
4.946737443557495	0.39322321753062717
4.945113498609702	0.2993216494551287
4.947457516364381	0.33488204815684264
4.948427226626846	0.24800070283905662
4.94906060653091	0.2612703654095701
4.947604494361654	0.23302232251380464
4.945860043647864	0.3960073629677282
4.945982159887388	0.2593462827568321
4.947690398132886	0.3357397244523362
4.947776657091831	0.3044820195413644
4.946141761133722	0.2586367441996155
4.946732108807254	0.23264948410519407
4.947406658722599	0.2226111241523185
4.944829423659842	0.29982857974138943
4.947692262346685	0.21632640667189268
4.947391400833773	0.15251149573669665
4.948084360372377	0.28653255987426346
4.9499630975789675	0.3788460238720213
4.948857656236987	0.22658589418174038
4.945593086886902	0.22025215603538062
4.971475869011151	0.2509937521113668
5.029702395130586	0.3015999668262083
5.05195186090946	0.13439429006494474
5.108536557816169	0.19027906729945712
5.137533608405322	0.2280536543450983
5.188760655210775	0.17123251619182217
5.234292213817971	0.013157372067016062
5.27135517672107	0.012850729762255765
5.326586770525752	0.03719990853147132
5.351228715494665	0.007528596443392417
5.404281196038328	0.08888152444890772
5.427974667613432	-0.008915758316028814
5.482174395597907	0.13007688510946783
5.521645662785538	0.0838722958993525
5.565830803919324	-0.024195518092642476
5.6113947565644935	0.020403794911785043
5.6454646359083185	0.19439311262063202
5.699240390945787	0.2831023197431666
5.7264814712124075	0.15202472151695928
5.783498710567969	-0.01962254368016786
5.811394081541174	0.08968229572828189
5.862778669247522	0.02121446134854001
5.907159069787191	0.164555054139051
5.935164424331004	0.2647677300912942
5.99824744158243	0.2527992831988483
6.022030141357899	0.1149843637549056
6.075641564106274	0.17189580783854408
6.103605962180476	0.09793562158718087
6.1574594214527085	-0.12207993252605026
6.195537663663734	0.16366268438575798
6.233487397900278	0.1332048024475548
6.287083890429434	0.08799000039312661
6.3150061285081485	0.08025085200131697
6.3665487702096275	-0.07055047927125235
6.397403179117312	-0.02602382177847847
6.4524524858967265	-0.10750332140823439
6.486954014335984	-0.13312100176019098
6.531941144594315	-0.14227058493295902
6.580851508236023	-0.11599910924019416
6.611269168688251	-0.22236029406895672
6.66306106211376	-0.07273021909521037
6.691262090721619	-0.11149338019227881
6.746372097259334	-0.3000890242808217
6.775251987636452	-0.18474484048423043
6.824626862190062	-0.34194711223809976
6.871339404831923	-0.12563997812275288
6.907574695892164	-0.14810370656215124
6.964211497122561	-0.15047346683852608
6.984117187886444	-0.20731210646182982
7.0409514279546634	-0.20756730851208113
7.065943420517408	-0.28285400523753074
7.120410936757475	-0.3019885072313817
7.159682280780174	-0.35923277217797794
7.198347113619585	-0.3015223475091089
7.250716835821656	-0.3455536447181721
7.278761259134917	-0.2568375263768342
7.33534061832211	-0.26664517144263167
7.359230592409411	-0.36993543662860723
7.4111415462072685	-0.3248253918365789
7.448742208047298	-0.39083913616166355
7.4964779756615325	-0.49189839007767605
7.542749453688536	-0.37745631893310627
7.577261621791321	-0.3981382074002449
7.635162339731881	-0.5062991838273103
7.655845441173469	-0.6246674511814118
7.698861097260718	-0.4734188584642278
7.737821160808082	-0.5286849856267298
7.753817310906021	-0.5228465961791815
7.8062809608924955	-0.5466588894273817
7.833711576484239	-0.6224530096247285
7.885266761208062	-0.5921685651857809
7.9317562114782	-0.561018642850419
7.961644080217287	-0.4428462893515508
8.01876493244265	-0.6153776295154182
8.044331853356152	-0.6496023573991608
8.099539752840174	-0.7401528449476225
8.123385801071587	-0.6934590900639467
8.17527525255266	-0.7220250258548492
8.218044847821881	-0.8369538745291294
8.25935271605814	-0.936359106301089
8.314234029973449	-0.8069131200623707
8.337537934595067	-0.767490329801148
8.395222366862917	-0.9142035146182145
8.41766599898527	-0.9812233228798604
8.477201951313322	-0.9796504612171509
8.51103358481109	-0.9900236164304987
8.55673642835634	-0.9284152577368441
8.604777750727866	-1.0516532118961102
8.634669980806345	-1.062700613104182
8.69243710084904	-0.9869855532117755
8.718901334845366	-1.006247116705531
8.775269734630541	-1.0073806691282137
8.798453313263517	-1.0632374307707906
8.85244438296622	-1.0000604571068277
8.8963195415667	-0.9821189728141094
8.936424338721134	-1.0053821154448963
8.990436486429099	-1.0441161587297958
9.014684020098517	-1.13841997264851
9.065469077234052	-1.1129164382908179
9.092736713818024	-1.0684204576064107
9.148291119902535	-1.0696296445143691
9.185003445483886	-1.116091309218145
9.229000039775368	-1.046432980989925
9.280039700111493	-1.124038227780206
9.308639557613224	-1.232217905541674
9.36669669629614	-1.2871148882228565
9.38820857730989	-1.2705169160686758
9.449220192459132	-1.2200323345018116
9.472933923260582	-1.1159734130270886
9.523621043377652	-1.089612665769799
9.570286768795487	-1.0921954888595582
9.605311590587059	-1.117622033298975
9.66157926573415	-1.0893094608696035
9.684499749639048	-1.0359351474555678
9.741010930103243	-1.1070407305787155
9.765070025811454	-1.017652807346043
9.794035782720172	-1.0111069497279443
9.846351021619409	-1.0048815717470831
9.861650107536715	-1.0940551462427632
9.914274721756135	-1.0110165097437696
9.954228401890104	-1.0366015868844176
10.000645585329952	-1.0721044251958172
10.050038734811082	-0.9754627227085101
10.079129677415185	-1.0284595372751957
10.130864411883524	-0.9715740532916861
10.154947898272392	-0.8852617117955169
10.21078281744605	-1.0011191396474628
10.245118119987266	-0.9426572059930182
10.29186711392659	-0.9448680280967466
10.34066307272093	-0.7751323868226747
10.371435698511604	-0.8141876164235535
10.426762130635643	-0.6637740002228644
10.45113536813299	-0.596766425612895
10.509288951971701	-0.5784616488670362
10.532431069480609	-0.4921394684829871
10.586160725648078	-0.4061763040699436
10.628314989429144	-0.40071435924407484
10.66982351112471	-0.20509476040586527
10.722581189151436	-0.20484053645195321
10.747862821969326	-0.2990817753747537
10.798117076102328	-0.17437243828921264
10.824264720239723	-0.16186681956328647
10.88191425914342	0.003947515982949107
10.91408704607629	-0.10050571568025325
10.960337254971407	0.06857776206855894
11.011753473134915	0.03802721750086066
11.040473723763592	0.23245456655113925
11.097587130527	0.39257895821538
11.121230932621982	0.6064831181534526
11.175161867111505	0.4381398541152347
11.200770011012986	0.616298271887762
11.253040615306102	0.5574191677322531
11.299380722271303	0.6649234194944472
11.334782750346672	0.6959927440434851
11.391391475051492	0.917100648064231
11.413640064804362	0.9480543156173818
11.467437424972816	0.933140052734384
11.489603580734563	1.0780494640584093
11.544098811905654	1.1642214164576894
11.584371746579569	1.3540872617989201
11.626858687058382	1.458882860280553
11.678817490640528	1.6536027561253988
11.706485867102266	1.53764833785728
11.759163063731316	1.6881049009276854
11.782255921118129	1.7460861904281102
11.84141741910753	1.777659646683194
11.87343039806272	1.7402440938133947
11.878414397320782	1.8667609529337919
11.936129200688429	1.7180096040141415
11.969141235191822	1.6596319107687667
12.016455501571304	1.7437270121280388
12.064100438857661	1.7768465871376298
12.096709604542216	1.792114972199966
12.154686037527762	1.7279031395094104
12.171267543975155	1.9577945720792487
12.228801249093825	2.207120603480664
12.258518762639206	2.5108861746487894
12.305652146438902	2.352088093205414
12.348865136388103	2.7707815316415165
12.394964433972483	2.2979808844259777
12.443561189511032	1.984980360976002
12.473154104938457	2.307251908768418
12.527545102571136	2.1371564902300886
12.551639252359301	2.5440898146389994
12.605590188268476	2.2389038986376604
12.642238539654862	2.6976536871699803
12.683300212773933	2.5696286498341174
12.7363914162695	3.0057745790078463
12.762737150890095	3.0110183272557958
12.821384385450434	2.9658062592371572
12.8454893589648	2.716069051691609
12.897909189655335	3.1327308748021445
12.929387276932001	3.5318632255317053
12.982938695702023	3.6034576598811876
13.022180572731914	4.072970943505491
13.05586628111247	4.194488871395145
13.110524793538682	4.439320061897224
13.132803031198076	4.488175652973399
13.187236367163766	4.79487914088705
13.211598201992249	5.021712547804898
13.26634077277978	5.353870496450763
13.304472515781763	5.386528110435901
13.343633042172726	5.729010658680046
13.394280796575716	6.227151789442038
13.419060577980362	6.655033090861954
13.472201692352439	6.853052276122415
13.497260457436273	7.231822264750529
13.54980657983792	7.548116149458635
13.58505830520388	8.004961514909118
13.624236427103858	8.016770762141274
13.675985080716766	8.734197002684397
13.70210188108106	8.736910493487112
13.75639505441198	9.390271773014135
13.780149384094996	9.946110513893501
13.832342682824805	10.304609328457678
13.862081421914167	10.318209054685546
13.912850084926353	10.01722927566498
13.956764344954715	10.020016592053967
13.99234157833486	10.382659655421891
14.039964511386374	11.128454552537763
14.06612084101428	11.605629647088639
14.119352875846614	11.641945021970292
14.142233171887503	12.585350058168629
14.191859405759265	13.112223068447134
14.230400046837188	14.104944483361532
14.265819876131184	14.300883078970097
14.314179526518855	15.560560854128799
14.337311505788394	16.18155261124478
14.390152075952164	17.489730417118004
14.406599168367498	18.623357971169334
14.458181528309476	19.184604765586823
14.487684375647989	20.579375421387386
14.532844726428246	21.23939100641228
14.56571722005386	22.607086398202433
14.6020978273817	23.270433973498413
14.646533934610739	24.6683324953326
14.668961778327672	25.749482484814436
14.710895964868	27.43422820546466
14.734026591292123	29.09607367046576
14.787447762995965	29.69146230282583
14.815965643287841	31.309819947945524
14.847603678256073	32.14039127409762
14.907950403259408	33.779303307613446
14.928561463121559	33.312935143244886
14.974934011829104	34.51734700473439
14.99806527716017	35.81146770931962
15.043175750599618	36.50317660132849
15.07317838567291	38.24272875213641
15.075403285149465	38.68017229077535
15.075143682933449	38.559626919988894
15.074518433381234	38.50368212636564
15.077381001893274	38.393281178578086
15.076940910178783	38.184093198934306
15.081351005511442	38.01663708813576
