4.9444641047872615	0.5159781777162864
4.947162777275725	0.36135685726374994
4.949134999383004	0.4296617633011814
4.946709748347271	0.3792610514266642
4.947051305430239	0.48043385223224766
4.947204511253689	0.379732414422866
4.945589998516827	0.31686307936483554
4.947003597277906	0.41923110893197163
4.9452045260306186	0.37069567146092663
4.947958394449307	0.401346814312852
4.948309613674752	0.3200311019628012
4.949231764958553	0.2803285198790674
4.947399152197425	0.33117874397826724
4.948044682205635	0.32155073267685835
4.946631110014456	0.3008430314032851
4.9485751829820455	0.2544103636977474
4.947468964576652	0.34475344186276957
4.9483507736275225	0.3960355476277677
4.947816562904624	0.3803033959519707
4.947169361481434	0.3529922899098668
4.946930354412286	0.404866743064778
4.948458321929998	0.4336938371981912
4.947513488223393	0.46677678241712794
4.947221845678712	0.33043426702542084
4.957123119200919	0.4418396072144715
5.0152573254506	0.4293156148412381
5.042493362965493	0.3550904737109823
5.091024143351939	0.536113669461629
5.137423433400269	0.4279982779509212
5.175309545490988	0.32284967937001474
5.230297868673814	0.41034546116712445
5.254329190666299	0.3000564168685589
5.307622014823673	0.2706947889483048
5.332000043504962	0.39249981376579257
5.386015192818007	0.39985572382108026
5.426347688894591	0.2789299116233875
5.464062058743583	0.2710107802652815
5.519404189692759	0.30198146106778123
5.545313686415906	0.33854482391850277
5.6021200184297815	0.34408834462703775
5.628001263491123	0.3603122123088159
5.682128456139655	0.2842087074959937
5.714952220836523	0.4336757631032331
5.762542282579245	0.4414591194635919
5.810388430686462	0.45569243862617237
5.843862957219752	0.5074669074964203
5.900295302450981	0.48317314425651364
5.92318418293047	0.5525887920536108
5.979422866430339	0.5433114224973572
6.00679376272446	0.6499623191307948
6.055882643875465	0.5636176888705318
6.097791533669017	0.6033737567706651
6.14280618606173	0.527609484234026
6.194972087574682	0.5577471231978989
6.219906121728545	0.679891214793036
6.276314999320089	0.6533820269351522
6.30068566067686	0.6153057724707025
6.35586837836752	0.5293822979162109
6.389223042925716	0.6139692907099066
6.441096317975358	0.5055176425866655
6.481784047040289	0.5557347752117288
6.516476564783366	0.5715984287131128
6.573879307226468	0.6762469238223049
6.597869925883977	0.7092629132991167
6.654023766610782	0.5868633763708825
6.679048798721206	0.5983506941986061
6.732106189792519	0.5859338654364655
6.771278330209778	0.599254928541841
6.807242909262442	0.6399753911575021
6.864758393383655	0.734971682389507
6.890507031839489	0.8056874701241918
6.9479601682665315	0.7015164581470077
6.970445888272968	0.7139448817364777
7.028425058489164	0.6301607901882971
7.059938170549456	0.7275108032336937
7.11004485214716	0.6344962179341891
7.156595305996204	0.6305910416935302
7.189184796316384	0.6885188619274167
7.222904164686083	0.7265266281333135
7.260111756786827	0.711643399535519
7.315508376760869	0.7981480122641724
7.346368635625625	0.7421284761929178
7.3951585822487615	0.7656774612726422
7.442873757061042	1.0019916950252168
7.477530962873127	0.8915043768623112
7.530542343476711	0.6325605950686347
7.560221681724121	0.8503258589876156
7.620165124091143	0.5319379941411713
7.639890263700611	0.4539468941375237
7.695591929751236	0.5103972146192964
7.729340314777886	0.6304577773085515
7.774441014791931	0.7486013357173898
7.827433319704779	0.7808756468215784
7.853254449637909	0.7056249013427879
7.905636248131929	0.8727306864985653
7.934416665131977	0.9083676613722158
7.987471351202908	0.6950574607797871
8.019816526904256	0.5584829958819324
8.072805808061393	0.5868145079635998
8.118312343052363	0.42179507511870334
8.14690278734643	0.5433117137747777
8.20256612846213	0.8937808373398329
8.230211079264443	0.6266211257361265
8.281338529882152	0.5401285182711641
8.31382239046126	0.5308900938300628
8.366342121023555	0.6397988373208413
8.406276375448932	0.5946483860616014
8.445963811912767	0.5478046481309863
8.49928244967827	0.7067369058562721
8.526804112631803	0.5724041881183185
8.57820232605562	0.5905938672533361
8.607129309728975	0.7697423684239271
8.664209959619651	0.6879582257117076
8.69047113444828	0.687520884249253
8.744165884776379	0.7256240818751316
8.789203291776266	0.7519338953034238
8.817553813445812	0.7477309540994016
8.876621397202447	0.9307446205849355
8.898457717079655	0.9697339304645134
8.957582601726125	1.0961331615014724
8.9808931929534	1.048056305574803
9.038623956067083	1.0699569252503869
9.075760550023393	1.1211798023998387
9.113856854000298	1.2002940565532407
9.169604783408122	1.1124678420370324
9.20025892972741	0.9199815839238835
9.25503103882358	0.8978981860117577
9.282043828143689	0.9566695870309493
9.32344278888036	1.0698446791792942
9.364554152536554	1.225280355030922
9.412436724489671	1.2118535598767803
9.45654617018543	1.6026681925776143
9.490652975370544	1.6239131964285123
9.54227646071715	1.6629836518945624
9.568999061677864	2.0849037440944613
9.621083131098073	2.2278554567034154
9.647577862559134	2.2942732094311067
9.698758751890018	2.557782091216977
9.743809840734679	2.4524809873914735
9.778197806884336	2.5982754981181677
9.831369916748876	2.853605394331884
9.860081215060758	2.6549535958880206
9.914574209633132	2.90663621719244
9.935681036250223	3.265881272923839
9.990527005808273	3.416837479380033
10.026122646176812	3.524835047519019
10.067394779491654	3.8459063320844775
10.124567910821446	3.753818061942687
10.149025327924216	3.7641116404956567
10.200967906950078	4.003220725785539
10.228209353796634	3.963053638964885
10.281581058008022	3.959379364624629
10.312076657266633	4.060993998522902
10.358680991088777	4.012897211607725
10.405560170709311	4.337546289832707
10.438502933864102	4.583520823650788
10.48823380361786	4.53158137591137
10.516987867989918	5.074231454167952
10.568163754218883	5.334741719310833
10.593649193486133	5.662598038321517
10.648533489089363	6.040490014194179
10.686108782479298	6.577453860700903
10.728041842921822	6.302347816399941
10.782142586897587	6.5171081184621045
10.808998841844232	5.760256011040014
10.859129103908545	5.9796013589777495
10.884081095847224	6.253045880741066
10.940131264553653	6.343168046497188
10.973482418776543	7.016847619175931
11.018664625350018	7.100465338357315
11.064209953959775	7.614982472983947
11.087823900565835	7.916626913979155
11.13677736860195	8.465351356113803
11.164712034405952	8.979489245883546
11.21841136125323	9.205340822815305
11.25265180119814	9.624172642851029
11.304477524177988	9.219457346352025
11.345885361398974	9.536433296860645
11.376014853467966	9.967262794140051
11.422829504423309	10.444576329870097
11.456793679458345	11.110595574489077
11.502691350474464	11.63855534909962
11.530289047300784	12.326355981629913
11.582433620166162	12.84032810806747
11.623246084177008	12.942600646635174
11.66305011230792	12.51827686033936
11.723023587457115	12.756271845904257
11.750691881147985	11.407877833245283
11.798005711908687	11.83950384187177
11.822713879853808	12.488949333392153
11.877814687370844	12.772851674454147
11.903555446335096	13.696673330293336
11.946795178223603	14.284202968497826
11.992778438042306	15.239176694843406
12.024988051478744	14.872972328089864
12.076575505782241	15.231536433481045
12.10003357437859	16.0495965255419
12.150383660232785	16.631163158867377
12.176186014062123	17.655017022781742
12.224372839665058	18.19718774280802
12.260594238793672	19.150752429525213
12.298815648352752	19.774482470779333
12.345742971616033	21.25804073697829
12.362341353275312	22.30552614657148
12.416636416929107	23.025015367722393
12.43895993082845	23.44211534654809
12.485912771301678	24.189810362128906
12.518676023572606	25.524152372509807
12.561817097852762	26.04689779141204
12.602163927002536	27.794490587567555
12.628188974847534	28.837945449160117
12.671191588776963	30.439469945397978
12.69553967683501	31.811704813042308
12.738592459124192	32.82526358574723
12.763691857375592	34.523662081525615
12.805420744115985	35.53383716883707
12.848316301694712	37.146342140330624
12.878475912173263	37.71781740121241
12.919184067953042	39.106250950971805
12.930577778583565	40.33658014445962
12.933287087789346	39.83290086672638
12.935508332686542	39.54265298581761
12.937352200068055	39.34585505230835
12.937426239014144	39.08203354379059
12.93681003714143	38.61431661932509
