4.943971786589506	0.38462671973761353
4.945836399964243	0.3275395559299273
4.9470769991701165	0.3025300198030095
4.946553730940957	0.2627228078907458
4.9457726241201225	0.17699307254074614
4.946041045164067	0.28643915998348063
4.946748545842885	0.3421335990083884
4.947787811163719	0.3175617038962711
4.94786981189351	0.3024380059277689
4.945175229641441	0.43117622278860435
4.948296090945531	0.30614740733196344
4.94498934242554	0.25057244997407513
4.948350251576098	0.19508380175694098
4.945053096657627	0.3135971765711503
4.945851257982156	0.22205464115701753
4.947429756448631	0.16236020019610903
4.950589672159053	0.1667858494681106
4.948359663004089	0.18408265076933422
4.946914477362473	0.20509500836525243
4.946930000537964	0.33891955126796397
4.945851700005489	0.3338549237389536
4.945379205817007	0.3236030955012846
4.944769304737784	0.26310052850612564
4.948996967907821	0.24085590026664985
4.947664009222935	0.18246262533424779
4.94656517493255	0.25915031514926024
4.946274154515859	0.1138952667557668
4.94808701786037	0.22369386607709837
4.947373508492111	0.20424227716597015
4.947237258790825	0.231090235559128
4.94787828347874	0.3218557239088151
4.949846188601599	0.1449617596248743
4.949228729679694	0.19877732523172942
4.94822124560201	0.09345265110492837
4.947621216988068	0.1750289756523242
4.948616830712444	0.2322438480591825
4.948549982617612	0.12046989960406536
4.947690769717916	0.02943901945935444
4.947217682401265	0.21219691126970874
4.947071992632035	0.2840808604806228
4.949928721761134	-0.001352075573331093
4.945765526100546	0.1511729229366029
4.946973549950549	0.27561639490131296
4.950253441364962	0.2090724627809052
4.949750242179128	0.10328701259915943
4.947080821957284	0.22706338645085225
4.971167263039819	0.2959601632424178
5.023056515125427	0.22212894834404714
5.05056218006521	0.11598300759935269
5.104234493003862	0.12970149723061578
5.1406766931955765	0.07841806416737179
5.187004759757537	-0.023912412127289423
5.237339077852074	0.04389780389549582
5.266832541825469	0.05950665419809671
5.319963416407976	0.015571705270894296
5.3452610512862115	0.038142416927983515
5.398421084566451	0.001457834675628365
5.4296378285404785	0.04641862295928438
5.476161322906735	0.032660918450258196
5.516176599717577	-0.06750955537567499
5.5249759412452715	-0.05337959170290942
5.573877621446602	-0.1516526695148021
5.618390225904072	-0.03140754616978381
5.650732744739342	-0.012709271833247075
5.7047716680860265	0.09446357242347722
5.734591210907171	-0.02684587696220475
5.788545214104401	0.13120822236894888
5.812963067914673	0.038727522102025964
5.87260359470141	0.007193681231166143
5.909872660211862	-0.03608971155040032
5.9520442238375875	-0.14465179353577814
6.005230543339394	-0.033149477825422054
6.027966497585917	-0.03661211263967165
6.082470283484666	-0.06806450009678099
6.112288309480869	0.046051749117858844
6.166830146431153	0.010025842758096154
6.199817396043514	-0.10046499886860569
6.244998029993953	-0.1536776483491297
6.293952705163555	-0.07408838526681011
6.3236938707555375	-0.22747056192165022
6.377441111509926	-0.11205851876093643
6.401719671581718	-0.12433128270373263
6.457306733165529	-0.09505859038597762
6.488306361879403	-0.18985864669559194
6.535389603791909	-0.3011483977431535
6.581885276261929	-0.34495735263600136
6.616061071904186	-0.15639136422986558
6.670049099897604	-0.22755960840816558
6.696429051369025	-0.12763431404123032
6.750675166534707	-0.3074300485357346
6.779891518311796	-0.4465901301386091
6.831757842580931	-0.3163842325537122
6.870094561881686	-0.20524361058065058
6.91087621137391	-0.27643096818470586
6.967466635955715	-0.30993880606632507
6.9909306728022855	-0.5407389563347005
7.044752344320173	-0.2925739799024428
7.0713787741371785	-0.297050592793174
7.13004603563718	-0.4640931757135908
7.159948126691663	-0.41454626415889195
7.204050468352429	-0.5126517134700931
7.25887493520222	-0.5412208996522122
7.2844814657855785	-0.4401160922645666
7.343137333251541	-0.5646053791885949
7.367410809641989	-0.5441543380073653
7.4217409999781125	-0.6596766627715621
7.448668781657858	-0.6789454585512782
7.500890614187863	-0.6874360778640025
7.546922435826399	-0.6988602944104734
7.5701963994850505	-0.6990690807417203
7.625505652069219	-0.6901508595553033
7.656304143083924	-0.7525364887364224
7.707067439050814	-0.7391212850996404
7.74047559110333	-0.8610172397769686
7.789037877821942	-0.8912482132943826
7.83555158252576	-0.7598870895987224
7.865631358401066	-0.767306225059164
7.919543518096306	-0.8372964854232108
7.945039090118925	-0.8367482632525787
8.003694932130522	-0.8444459592264402
8.027146081373521	-0.7447864604709531
8.084835236135367	-0.8610023995233671
8.12465786610888	-0.9117266031084498
8.16333010235124	-0.8756543654339377
8.218096837786529	-0.876911968938181
8.242946144243925	-0.9718214859785526
8.294291620095605	-0.9069667477507598
8.32125091975454	-0.8899302392347117
8.374383521523466	-1.0418750180873435
8.4135209067544	-1.1277126915815765
8.45626770484071	-1.1150771614709825
8.509338509654853	-1.0883812383065907
8.535833878460277	-1.1967193974647474
8.592209994116278	-1.152875300613073
8.616075586725701	-1.1956042153794038
8.677208898432607	-1.1749325580316725
8.703254242700886	-1.2141075440271305
8.750660408459852	-1.1899151982891987
8.799923848031998	-1.2249602461392115
8.83352110807225	-1.2421748691431107
8.889734457395123	-1.3068727081402014
8.913719600660093	-1.3615334482832468
8.968902927297298	-1.2192386688673273
8.997409322632658	-1.3093848401859098
9.051916058998614	-1.29489297921265
9.08779586383775	-1.2700636445100997
9.12696414206811	-1.2861735482459986
9.182146212109425	-1.2430998239028692
9.21211978031245	-1.2704084176772128
9.271784957345274	-1.2499800266254268
9.291666950188159	-1.258734023616006
9.347876510288039	-1.1407675668439743
9.3764385409334	-1.2969915800700753
9.421191880798482	-1.2701504170467481
9.47478616824375	-1.3575324814907932
9.50820792101143	-1.4154863313341977
9.563463130963632	-1.2351597884248617
9.589472802947482	-1.248746572667349
9.646964332925668	-1.2258805702499798
9.66778174150877	-1.209100210435796
9.71922140078923	-1.112808161667395
9.764478793393693	-1.05466203728154
9.801506172366054	-1.0189842918439032
9.853500242634304	-1.124687384989896
9.874952413443818	-1.2043431884130222
9.930454646000026	-1.1407630371490836
9.95779314925853	-1.146519645495784
10.014632119439081	-1.166628887518557
10.053514756195414	-1.281838517696587
10.094520587700378	-1.30142274044328
10.1455965006031	-1.2542194188816889
10.171436404710104	-1.1812837049688762
10.2279926072254	-1.1389556971626187
10.253071926144946	-1.23218328073108
10.310319736630438	-1.1879122373799145
10.34335949776547	-1.2764060796044494
10.39022944719593	-1.1379807817052532
10.439449407002309	-1.1783527375068485
10.469685957144222	-1.1667977373984375
10.526087737695942	-1.1185189815345395
10.548216629750163	-1.2632456857863859
10.607068478263413	-1.2110977082384624
10.633449607856317	-1.2271062755666735
10.68782258467938	-1.4010185520526992
10.72896917280409	-1.5072349670383665
10.762337674702238	-1.3728409949828007
10.818595935255196	-1.4288305096198872
10.84671834589077	-1.4901757471584158
10.898978948427354	-1.3724351197567226
10.924902237363662	-1.22491221846449
10.979196285530708	-1.3039369825953022
11.017581410420151	-1.2040245971140628
11.063716754518433	-1.3616481569725343
11.113912108032663	-1.1205928420160354
11.139348525974379	-1.2469080560669392
11.199938298215772	-1.0571316808884723
11.21939298239261	-1.03477895562617
11.276500012895287	-0.9207449906279241
11.30937803238544	-0.9567998509563037
11.361469448856745	-1.0982253757992568
11.404332828591865	-0.8788051281897395
11.440071205661809	-0.9789823758706945
11.49525541924465	-0.9257539692746902
11.506684196235355	-0.8090596980827809
11.563027015620767	-0.8172332188933328
11.600829637169626	-0.5891811420014689
11.655191616346055	-0.5948402204067683
11.690460013716955	-0.505556473536636
11.735688636776445	-0.298715092649451
11.787474739221986	-0.4218383232245622
11.816899517379865	-0.421642116436924
11.872676752830134	-0.4156491596330325
11.896005820520386	-0.272313397744745
11.950568188286587	-0.2158003880730707
11.975879273316329	-0.2368674197648635
12.03359992529855	-0.05028990618128901
12.076481827999341	-0.14852728595927886
12.11153389024236	-0.30349380987512703
12.164431534569168	-0.09302256948942467
12.192762696318534	-0.2288411016258698
12.246622399186409	-0.2837634138577646
12.270541732417813	-0.07699601247051055
12.325082141614295	0.06848263602806072
12.364239780590035	0.008666661218303187
12.40079184464357	0.207727684578573
12.45936757345568	0.16908931930647042
12.48882953227119	0.25865084222696594
12.540020664953916	0.480268878930622
12.564912623538005	0.748537579664513
12.624946753949805	0.6479275135960556
12.652991509707697	0.5047341962964597
12.700895158207398	0.8544568734761068
12.750502113454106	0.9743135634856024
12.783476110013622	1.1013183784852725
12.837074474334171	1.4033788679014698
12.86189883523025	1.5078782571059575
12.913034086763352	1.5718071700517018
12.93921617899258	1.6642668784844943
12.998411073687292	1.6598996286803784
13.036011559241294	1.8953756206303727
13.071858344089112	1.7646269424666583
13.125325164725375	2.386465381810444
13.148289592444366	2.525827384865358
13.20387381805109	2.7667381567117557
13.225166138666458	3.1946011208940432
13.2853982270588	3.2445108350262175
13.316541791185855	3.6718693547102146
13.356925633021953	3.978564923518967
13.40673962955689	4.3620222443919525
13.431795451136706	4.875282516947768
13.490392195787514	5.14274468208834
13.515132074494254	5.190739786703889
13.570917308484725	5.63095108311484
13.597325381265197	5.451149542931709
13.64211177818444	5.658944485000382
13.68826823890043	6.232746630453328
13.723131516385438	6.577840902796338
13.777206769241275	6.814977376298151
13.799016994654664	7.299923580317902
13.850777109263685	7.835428760805717
13.87368296513028	8.094939855026002
13.929100187443394	8.820307991250669
13.96585018317968	9.34483236383073
14.009498436201218	8.509420131068604
14.061600386975135	8.275951015723177
14.093811813853888	8.351878214947194
14.143755175726634	8.857852525403317
14.168460737075891	9.224741826046913
14.222460041259366	9.529528645642156
14.248004343907569	10.296521472205795
14.290437730690472	10.45352034626066
14.33924178102646	11.048210996826228
14.367164768605248	11.334565226812371
14.42047234734695	12.41537368689835
14.444912733463374	12.549712263284402
14.494182918048606	13.150576823441611
14.517892001861137	14.207458842630139
14.56564739409025	14.708669679930633
14.608486420311744	15.547519534058573
14.639508186360958	16.038601435713254
14.690577878806055	16.979628810735164
14.711122832019266	17.625011439011146
14.75984000262367	18.339653570526846
14.78537115360662	19.548050558943906
14.83375560928228	20.55601585686252
14.86633513398847	21.839428129373307
14.908410240597236	21.939774678745227
14.958574269552534	22.972542161331845
14.984484764956255	23.386701628395073
15.037536230220878	23.84544554172942
15.059799105354392	24.53000997288549
15.11343117572285	25.144101579740457
15.136190924575716	26.480270513549467
15.178784867020001	26.657903629043435
15.226406127868374	27.582502811892844
15.257993539747664	28.23451693169369
15.306351229292028	29.176197651900424
15.32426524299858	30.424024695964352
15.370926572651163	31.52512030237777
15.395855500526467	32.864224425516404
15.443493178866108	33.55376231602384
15.480464122985813	35.37794578840808
15.511511525669794	36.162120714203496
15.557781544932963	37.58069376809512
15.561759995276484	38.457698735083994
15.56183473472361	38.54470184263886
15.56192729202188	38.4419380746307
15.56154935837345	38.57537811644314
15.563349027620136	38.30158230749043
15.56380931113719	38.10003832451103
