5.039170357202968	0.2270326297012458
5.042987821122438	0.22776183113935308
5.04552889835168	0.2319012970354356
5.044875908372219	0.17303937493778337
5.044265320538289	0.2294986886099215
5.043900886862449	0.27150664376516437
5.045182804437436	0.18879003100473055
5.044429531949655	0.2817769995637771
5.04315503505463	0.43493138900061284
5.041873520612157	0.27278540129209217
5.04186340523488	0.4260487682039603
5.041745588423163	0.2748847005533301
5.041499061605759	0.27392497620644596
5.044279435212584	0.2267840790370992
5.043746145763915	0.23989581628600062
5.043203178997526	0.2752638659709166
5.043528108635627	0.1920006959551089
5.044828112146288	0.29725105296496906
5.04342530234573	0.1743115224532406
5.042960559951718	0.3164840050720695
5.041700055761954	0.3340151887078989
5.040816529733428	0.45597544453085526
5.0417371248479785	0.5179156228213305
5.042050443088881	0.3421356407583596
5.0424184534540615	0.40421660699719575
5.043017130457896	0.3874081405668903
5.04343577658476	0.3095969258854062
5.044129859271846	0.19036291749222026
5.042574123200442	0.33841973029680295
5.043086506147086	0.2580531156327328
5.042334111828129	0.4426680714642589
5.041728816549718	0.44477104644794957
5.043612974447429	0.2375071097373903
5.043800649311654	0.393579316122702
5.043698754473587	0.41746419206319907
5.0417020658991625	0.3683729310738291
5.042918450581315	0.28198191157433233
5.043046174512671	0.3420423095147859
5.042216275896662	0.3487291371296278
5.043343519404877	0.32071955941731506
5.041414440662528	0.4063854553625945
5.040481660589183	0.4420074509638855
5.043580965492065	0.36170386310672964
5.042440385318983	0.40191403416089333
5.040551784324043	0.3305856867002653
5.043307257675263	0.42550152247468176
5.041691154473561	0.3780436889917269
5.042501916415096	0.28776447174623215
5.041458504948578	0.3919042624248753
5.042049505268281	0.386581222174043
5.0408013147493005	0.29848895883362786
5.042434037823256	0.3106810157610652
5.043720228349104	0.3368376205759825
5.042427773192308	0.34453420439968957
5.041933759385392	0.45677605362166485
5.084921994493802	0.3666824330527593
5.13711031188361	0.23105876551083784
5.164321496463014	0.32143655699348284
5.221024727011558	0.34824120938510483
5.247233667218357	0.31192151664674533
5.304666383526413	0.38837455270955684
5.33041962065411	0.2605607593581868
5.382513200737202	0.31884565426526695
5.42488044075918	0.3246367210618437
5.458380977208831	0.29626931069304746
5.496714883799514	0.3976204725792889
5.537399737732864	0.3454201478448869
5.592625947948621	0.3906155369212122
5.620004664589327	0.2899653175983007
5.672626407022554	0.3916608604201373
5.714682915927558	0.52882573637505
5.757186861767224	0.3404426983239348
5.811742832479503	0.37103666805211544
5.83214353494445	0.36744019622795976
5.887507424087259	0.5086684203379552
5.915025512996815	0.49934068792265407
5.970977347692008	0.3854496755936005
6.002264665920784	0.4011594071829221
6.045663342704785	0.6254100803802496
6.095334704940498	0.7086102451039564
6.128505841896086	0.5449871862845241
6.184682873607802	0.4330819908715632
6.209819911078199	0.42270923947463873
6.263003000925032	0.45417505548284126
6.291029395603571	0.33505800159405524
6.345304042066731	0.3296763070075923
6.388227101679684	0.39996446638881955
6.42381536269872	0.3089628066653684
6.477689402260278	0.37125624323283335
6.502569407748428	0.3954270956760835
6.558078255787267	0.4137760721155633
6.584276502347615	0.39950555715734365
6.63738517906271	0.4260709483175625
6.674389070963127	0.5592625155951128
6.72110244082708	0.6979093680375001
6.77074781085212	0.7818985321298157
6.801678326239616	0.6368984044390676
6.854127241020334	0.8110438302956142
6.879596934372966	0.7379805236326098
6.934610811956285	0.6992925783095248
6.964451547448148	0.7872113826358761
7.0183153987679265	0.6798384489958927
7.057129990485837	0.7726719242840817
7.094593066609358	0.7101244557410052
7.1454541278517265	0.7031254234156561
7.170718887653425	0.7744965704523049
7.22559727794153	0.8608337416936092
7.255727504497095	0.7243337378964243
7.306763398419829	0.555544680385599
7.346041350344974	0.8051174005926397
7.3856730234263	0.9108807815448042
7.442457661472577	0.8151037625609483
7.469212080387891	0.6759499765223227
7.523911474745471	0.6244245382619761
7.544413018812936	0.6199454097935188
7.587788677187456	0.7274961798838078
7.6356766189804794	0.6891544905947145
7.679515448452079	0.7885585373971651
7.730337170455572	0.8230119859106411
7.760957846961006	0.9648506646052214
7.814013015072293	0.9775809988963491
7.838098543451782	1.2215177492584655
7.895088009324484	1.2984691642982646
7.920604464767546	1.3139112301426956
7.976159849365018	1.4876483098800464
8.015866807133406	1.5543037085734488
8.0511097724251	1.72883941638415
8.104690204496812	1.560896011700276
8.132298198635194	1.4420218831804572
8.184309115420634	1.737165641037541
8.21362665173103	1.9139025041825843
8.268475004486021	1.341699834211676
8.305998135082854	1.3188086975318682
8.352307028993291	1.3950997949336061
8.3993993415947	1.576246662774166
8.428377486760676	1.5324329365585754
8.482034203170125	1.6425135851024275
8.505665272860695	1.9205702448514281
8.557599211283968	2.3193959350713924
8.587587697424404	2.3836305138805303
8.6365815974777	2.391320598576785
8.680495551278215	2.590357566725067
8.717086261323686	2.6654319784802456
8.770476746467322	3.0455607117319987
8.795630312811687	3.137652730415597
8.847540749574103	3.3873073955670523
8.872484358293738	3.6810332397643983
8.9286707333533	3.9248636043585394
8.964044930981613	4.088900651142216
9.006619374699927	3.9146930359013337
9.058641552024637	3.8671433821764247
9.087008807631884	4.117046397738793
9.1371818947505	4.607032849698395
9.163168282009472	4.532609701156444
9.215920527428477	4.850598565585935
9.248992315795856	4.627621631999958
9.297552930114414	4.869881900411914
9.342625047765747	5.254382277453857
9.36986596023485	5.305129359556375
9.423691791156818	5.866535845164745
9.452445263373171	6.116186950442693
9.506202786892512	6.420098322509806
9.52698859823638	6.615816050394088
9.583773240082097	6.916197390023746
9.616592489420627	7.590031506889035
9.646974453702844	7.858037847761071
9.682103128242703	8.196999384892845
9.706680732421207	8.923089707072752
9.73876725745816	9.045353487208056
9.794334244240595	9.86874293328895
9.817900729336536	10.355166812489239
9.873141007809158	10.734356664279536
9.893736751497993	11.282159915091086
9.94587489892087	11.814892947130621
9.97607504081273	12.53116389205354
10.020793243617252	12.783878446370526
10.071971166842395	12.945965771468456
10.099101502791978	13.352118445909817
10.148876490691375	14.457608165849578
10.167030651997912	15.229596660012877
10.215607120536	16.0494077464292
10.238700342224531	17.432259854800478
10.283550049972849	18.01260875321857
10.326080319283617	19.044376255594845
10.35918862819475	19.813834379773905
10.408655237500229	20.850048079720096
10.428735304361398	21.277368221948883
10.480095473374794	22.222879481867253
10.504076361064428	22.864973895889456
10.554371867204278	23.35977354338441
10.588614137595298	24.670560152307452
10.622944260092103	25.30375422891508
10.671819308531248	26.813906810452945
10.69077718823814	27.456462058454616
10.73777032537358	28.920585940970145
10.763164856610384	30.08909570389838
10.810276547743147	30.9191343018528
10.83662263178703	32.653733498578184
10.878272039064113	33.381193559449315
10.919414131169619	34.84166921543891
10.946156479763346	35.462488147400194
10.989943504310864	37.17441805657629
11.010542887703805	38.70579570766659
11.057411221577476	39.677487194005664
11.084276791430415	40.9897739925298
11.08844011835519	40.90497966648199
11.087706537895421	40.40427524807724
11.08894292760363	40.19208513329179
11.09067994201241	40.02404692608241
11.087952481181087	39.852061095568075
11.092136669625681	39.90674520741421
