4.943863964304816	0.11767453667905313
4.94610104520083	0.1069040393440676
4.944080828055778	0.08533289415107147
4.9484090288462586	0.09464767134108876
4.94467694554398	0.10399077360529432
4.945757652254848	0.22977871098010538
4.94588244882137	0.24114998951032504
4.945570620002	0.22863161746732502
4.946694570298877	0.18552896729032956
4.946880211987393	0.14305409939448105
4.94680704125904	0.12562266834536914
4.947438964580229	0.23644311354351447
4.947001708356806	0.09761404224962911
4.948184534328124	0.15135926270437206
4.944231400165899	0.1756248878834333
4.948984912376494	0.16186423088055124
4.9445898538235085	-0.045905189659077916
4.948257395361651	0.16886847475475325
4.950999844518245	0.11512255258622289
4.9499210892891305	0.07421392144674667
4.945329407169629	0.07004301744904075
4.946791756186723	0.03446396044254049
4.945462706117448	0.07043721675350584
4.9492163176683714	0.08858270281484266
4.945701085783188	0.13474525539718052
4.9451015353685595	0.06772403874300738
4.94473857914433	0.24152682305356127
4.947070523947669	0.1795639631889233
4.947162118747231	0.20388928534438397
4.9487260804504345	0.20164978565458375
4.946829933624608	0.20232498492086615
4.9554783116434535	0.11126720464434868
5.005618853442725	0.2886327073529361
5.042423171095747	0.10577579942434573
5.090180912336434	0.27912644339348713
5.137388335446774	-0.007107222565208075
5.168042286700585	0.14378606796808507
5.226811781714586	0.12995907418759825
5.250802924929513	0.05744008558479657
5.305321871177378	-0.041203733769274026
5.334157180816451	-0.018300785459055797
5.3863404810800475	-0.21651164284733035
5.431019123175593	-0.20988650150127242
5.465021479531689	-0.15398321491065478
5.516939982494941	-0.13832789096456688
5.544466432636366	-0.02077149818652304
5.598742767680635	-0.12680819996849998
5.626725861661816	-0.011042976315109577
5.677897426742037	0.024453056696546762
5.718122935888106	0.11798026874187333
5.761849013910567	-0.0017098585774932905
5.812820786118966	0.14743017192547192
5.840538962768871	0.05637048676082201
5.893605813667552	0.06517134135149306
5.919762760633841	0.18826600191458437
5.973210308327019	0.08210415345074905
6.005280384649332	0.1896510574952695
6.051506052457508	0.01866413145100731
6.1017832537324	0.0946893306322062
6.134348303186398	-0.01538935509903105
6.186195422107625	-0.04622789359661686
6.2149961508580365	-0.03398734890852647
6.271731222518417	-0.11322573358278536
6.296099938442884	-0.06448825384577138
6.35060818399778	-0.13219198645644054
6.391223118339916	-0.15656104987458216
6.416907299250994	-0.09146042219908111
6.459513779257881	-0.21260402881325907
6.4876037065631404	-0.2895891161848909
6.522840038708729	-0.3436724236659606
6.581507266006957	-0.1579535131696743
6.603832183127254	-0.2524114178089537
6.656655257778413	-0.2650836736993528
6.685500802184155	-0.26751223395006857
6.736898714830225	-0.2997602953316875
6.77454858029164	-0.18360349552560423
6.823181221884509	-0.2947805155913705
6.870187254871338	-0.2135958168462282
6.901572343911237	-0.2746744296256476
6.956108772882942	-0.38139593124389753
6.98295008301446	-0.4081992513723147
7.035501817649315	-0.5256989261475813
7.061361500441137	-0.32270537791381665
7.118681218060686	-0.33051407540978944
7.160035348498942	-0.35198933571682034
7.190865644840995	-0.5981007335129948
7.250315366453206	-0.6204475091029784
7.281737590569669	-0.6005490791135157
7.334035946600409	-0.6972356383236263
7.357285867582084	-0.8789189365642355
7.410598545461211	-0.8232329462395134
7.453748007913264	-0.8080494900601525
7.496289986151062	-0.9462335986700222
7.5466773062709755	-0.6812855333527497
7.574121520324727	-0.7543476997308516
7.632312803713809	-0.8480957397808035
7.649942766137681	-0.8339534150224892
7.708465451546289	-0.6623396781734793
7.73771058803346	-0.8085051472454288
7.785325995997663	-0.9283151964579168
7.835901085427436	-0.8812858618507108
7.864915635496763	-0.9287550551530779
7.922177461800331	-0.9330162286714715
7.94609620125021	-0.8470869285685685
7.998607852744643	-0.83386429075166
8.028360130729904	-0.8021383904864415
8.082985302446843	-0.8387498141115933
8.122631683798799	-0.762055506010187
8.159535223362722	-0.8475252282675322
8.213724916572378	-0.8376903768976428
8.240693024471273	-0.9794934518924816
8.298967950460385	-0.9608297088251816
8.325738438794712	-0.9659254798684221
8.380293585660091	-1.1106583721104792
8.414147095754194	-1.1110984591936184
8.458699019300497	-1.2785572775483776
8.509126197750088	-1.2893831209032867
8.541085523919511	-1.3343727191718413
8.59467649576075	-1.3078129847515252
8.61834128837281	-1.3209388804000666
8.675102772023719	-1.3498362385913036
8.704345358457605	-1.3928713554362935
8.752334743755531	-1.214681622031058
8.798629443656779	-1.0609988354930389
8.83552036458396	-1.1479008664726664
8.893499297106295	-1.2210267017919922
8.915143603086978	-1.20778526334156
8.97204134173371	-1.2436041839941319
8.993081801746007	-1.1233768401566753
9.049769922156754	-1.0659201528760343
9.08789675412836	-1.0999393100650443
9.128992820910467	-1.1348443759445634
9.185564434049892	-1.3011181089429515
9.211209850394873	-1.270396635833783
9.266560032847858	-1.304181508332329
9.28762770804405	-1.0710607508523435
9.3428064488946	-1.1485285511096726
9.377001421596416	-1.112559309793159
9.426168488450255	-1.1622420013105632
9.47470653535469	-1.1501871178434928
9.507605304285972	-1.2219587597488557
9.564924209259367	-1.148884793325242
9.58572878667816	-1.2400607527953105
9.637974220556757	-1.0913143291120584
9.669824043171966	-1.1866913795125362
9.723753036666858	-1.147584074142775
9.762652526602636	-1.0821844386099169
9.80190268536383	-1.1730175430408816
9.853877705602546	-1.1254255283110692
9.87971841441479	-1.2925867074813464
9.937268803048424	-1.155819749582964
9.964425195859597	-1.2534673802980296
10.018006984496427	-1.1804260667352866
10.053060630505215	-1.0550916334098097
10.098212707365434	-1.112951394026354
10.148810450012743	-1.0272698286798185
10.179085776242921	-0.9638658241261503
10.235712437944102	-0.9696825796052619
10.259755601710145	-0.9115243440366452
10.31607333352032	-0.9617747087674451
10.340952833101916	-0.8965246425351845
10.396074811566791	-0.8790812111873362
10.437499922362116	-1.0202012307004522
10.481698449021673	-1.015736639623276
10.533828053970366	-0.9922005667392109
10.555822073470454	-1.0178367895469767
10.612187404053497	-0.9342380348426872
10.630145929799289	-0.8543270773638939
10.679182577416256	-0.8324321359430297
10.728907804681569	-0.8669356610030906
10.7596116962488	-0.9543602056109859
10.819153123757564	-0.9559311325958246
10.842862563277713	-0.9109367646595081
10.894948070330804	-0.9432745742414337
10.919820207232107	-0.8705955568306437
10.975115466945894	-0.7276792013286206
11.014428290594873	-0.6997129097580196
11.055707765661671	-0.631394808522429
11.111794760877137	-0.6132876370268266
11.130472809690893	-0.4864566418280277
11.19337444944701	-0.5319698890448007
11.217093996362355	-0.593725814506788
11.270206821564038	-0.732127292201907
11.303680689429557	-0.5467290102915332
11.352959170183578	-0.6244839356114491
11.398142117088808	-0.44622448925850455
11.428405798085041	-0.34601340043720674
11.481428864291379	-0.29306624205082626
11.507790420709004	-0.11868701310454403
11.563006233149517	0.05583253046428826
11.588805369388872	0.19949086554627188
11.644430878680707	0.12819035824912814
11.688524096653937	0.09550131940225239
11.72423048529408	0.08936092988383967
11.779276746274343	-0.22932049626319093
11.805409618801553	0.07461251142733369
11.85392987233755	0.06901892244714165
11.881467114448144	0.3931718079307913
11.936016268364524	0.29990986355658666
11.977039604174061	0.4383525702466341
12.01320181368875	0.3704791288186935
12.071550111084568	0.4169162600197077
12.098509442633055	0.7377651377245071
12.149960735174659	0.6880039618370601
12.178569066531782	0.618160020382399
12.236710991124816	0.4200305816531824
12.26597867853969	0.4785750080521776
12.31267212560182	0.5194971885566773
12.363428729748982	0.660997601486515
12.391714894950473	0.6753502384725647
12.44389165968884	1.0063798065249383
12.455300883119891	0.9489239732167298
12.499319956974402	0.9518165681885392
12.55276608621503	1.0769246971628754
12.58234601752573	1.0398995834708407
12.639774005938873	1.1795634922624516
12.664389115389467	1.000121977591419
12.709696508900926	1.0624371209466763
12.747051900222472	1.1511235339560453
12.757181046660609	1.0743135241741473
12.806161298919982	1.1902874596844508
12.842421894682579	1.37824089167462
12.88837027079166	1.456955966672645
12.937222540025427	1.8683120110295035
12.973981747622268	1.7313141992252927
13.026369163358368	2.0075364996970855
13.046694314770326	2.1404855685918807
13.102501643657979	2.1902012489321745
13.125661049321364	2.5810068305181644
13.182714313764507	2.7817085600104026
13.218833996194222	3.3961112511508524
13.259388922744177	3.4040484632238495
13.310297066933192	3.499307425454962
13.331201632022575	3.97922920981466
13.38794702924833	4.405471518012419
13.411742133581445	4.62939901725637
13.462440544604192	4.934018130566604
13.50217425469333	5.494793411384142
13.538656773052425	5.654101117429925
13.592403893695764	6.088058697545931
13.61627830781964	6.211349230589613
13.666456653288785	6.923788442556616
13.690620358542335	7.17805692550386
13.74402106097066	7.605469096502801
13.77414356165932	8.28324231846331
13.818279709417286	8.727088639582037
13.866301283021278	9.601325595586175
13.89870931932369	9.586601912540642
13.950251936807119	10.141189606967686
13.9764113566863	10.194701477798697
14.02763947908465	10.547616636604706
14.056963558665155	10.478700784452043
14.108845970289822	10.304301399439284
14.145883829420727	11.280063825351162
14.184968380962681	11.32140774908123
14.233546656943139	12.287034726979941
14.258611645698268	12.924789276240665
14.307543887684497	13.722854616510013
14.327110035899361	14.515515570688871
14.37915175836377	15.876793692257419
14.408702377467572	16.927086696775017
14.453911937013542	16.971669090864303
14.495699498565111	18.21483264440222
14.525113408834441	19.008836607604042
14.573065789676518	20.2112416537232
14.594990172502316	21.290456606204312
14.641194173649987	22.265790759973523
14.666430873256472	23.593280795061894
14.695402743445593	23.77184867606872
14.740227099355456	25.392177590783263
14.748940049523695	26.043799012351496
14.793149047009864	26.537036646612584
14.835416298574492	28.200453925670708
14.870714903149954	28.092102367751153
14.925371489928574	28.506099083555622
14.947039621956199	28.704367263016238
14.998155809704597	29.97402510126895
15.017625159711999	31.096560592677786
15.06873709533148	32.064346273881704
15.099650516893265	33.34720950334914
15.133708922185887	33.87902137551025
15.184094074184808	35.64915944785293
15.207666090610308	35.756239467291536
15.255785118335757	37.048563160653906
15.27381570449685	38.169142629847954
15.274940756074274	37.87199640923191
15.275200209939596	37.58915500149067
15.27641499534227	37.34162160884102
15.275034058954928	37.254422913463216
15.277048135668105	37.072956080685856
