4.948051109228437	2.3010710041070075
4.948124365657103	2.3250462422473666
4.950835604963817	2.371867920878313
4.949202855642543	1.7104005315753736
4.950146710905779	0.03384954650353069
4.94997501052201	0.03540676855472557
4.950219801772127	-0.1161975897422442
4.9520557434853	-0.06850297419593346
4.952386693381824	-0.028097437086686508
4.951286217857142	0.012515605395152687
4.950939387183734	-0.07448678720579069
4.9494992851422595	-0.09108369189442105
4.949055206009151	0.029041155390610883
4.94970435865355	0.020429032018772733
4.9490378632598695	-0.006745853834525292
4.950583945397817	0.051883969808299554
4.950623207344602	-0.08813501939916614
4.950147421842917	-0.03214331852643544
4.949127987638864	-0.049719113947237416
4.952886854788636	-0.04940641108614201
4.94949235411984	0.05665220270180986
4.951524934637051	-0.060069281414137476
4.953620776047533	-0.014831784545665392
4.951340560649475	-0.051354092174921345
4.949151669211636	-0.11534306784881777
4.94977922348518	-0.022655267680712333
4.950200326915974	-0.005355662834313042
4.949553791632296	-0.006717586684823588
4.952332700540087	-0.0059516065073832196
4.951389926793373	-0.001345818700462692
4.953439583886421	-0.08178765410347126
4.95161632551636	-0.08562400777853554
4.950828883101668	0.05420577688428854
4.953426645332977	-0.04818697650892482
4.953420289176641	-0.05397149949344524
4.950856747878248	0.00652389645021136
4.951919196050316	0.018371891854225716
4.95241260222563	0.09066406306043753
4.950197556211604	-0.034755158474257135
4.951519011784141	-0.010659212322731298
4.949631716219008	-0.05039939898348683
4.95074749540675	0.03171894153949565
4.951999994898072	0.05750775234113563
4.951228168211328	0.03143860357181708
4.95044151852532	-0.0302191812591814
4.953682371181779	-0.10548487125564134
4.950695594243717	0.05220985131770156
4.9505284506528415	-0.10767461877598383
4.951303334718531	0.11812107757555815
4.952231470143687	-0.031147164642124848
4.951811677286404	-0.03597353717082358
4.951565270892594	0.12808552588290284
4.951697306939893	0.11181772330515692
4.951695909825013	0.036497162269566334
4.949829053736931	0.0597581319045969
4.953894324845523	-0.03287486176880609
4.952925209964318	0.014763596814760457
4.951471660330824	0.009846152097482524
4.953157971281717	0.03083491125735901
4.949494076710447	-0.03967014719328206
4.950766294219022	0.0903175008541578
4.950601763268475	-0.10739177350550684
4.95280262774453	0.04646142190858146
4.951035919084795	-0.00251919172554306
4.9498890961394775	0.118999010891682
4.948276252820323	0.20428077811832582
4.9517008315212685	0.01685811316835072
4.952368883098325	-0.025728024357233478
4.952035120441195	-0.017608563642992976
4.951701974814679	0.021736146064610176
4.951841389091214	0.05714381113374256
4.952811833021595	0.120985903548253
4.950104290773176	-0.019290730467833465
4.951866580386335	0.07953134570281849
4.953760112344183	0.020947361844093793
4.9518235678282	-0.052178963350896834
5.00803692223818	0.05142732790674728
5.048392334372904	-0.011462315476457017
5.090199530539566	-0.0374879000665252
5.142244631824193	-0.17506490709212186
5.170439872819204	-0.15547440367604629
5.223499791224528	-0.1937908511286503
5.251184327977079	-0.1701328041696386
5.306838213836695	-0.201219678183277
5.3395687893055594	-0.18037691190067126
5.383579594951275	-0.30208502739626625
5.433537451531068	-0.41278141489291154
5.464031979073715	-0.22662593084737162
5.519414566039934	-0.47924512987362067
5.547675476422654	-0.32637696353235
5.599432005989232	-0.3171308996788939
5.623968400873856	-0.40696071061876665
5.680434980453189	-0.3072132990417249
5.71932218862367	-0.3212853018177194
5.762703138251775	-0.34660794296717246
5.814336413379976	-0.4613802548525453
5.840174822496602	-0.4330218939436162
5.896759620940884	-0.3283684785629911
5.918617446999551	-0.4587877732683082
5.979122197838807	-0.3450174143359
6.012060691398727	-0.45207629795671583
6.057569276737782	-0.48279209612113455
6.104604946150008	-0.4473045978689079
6.136520438942334	-0.4560544342263314
6.191984155253737	-0.4236817392083109
6.215161548202687	-0.4805270765573088
6.267502110020578	-0.6104721401768225
6.298070211424509	-0.5248259782768017
6.351024529947328	-0.5264169272743521
6.393700159577447	-0.5800044110758146
6.426292533579648	-0.6774462691879457
6.481469708867772	-0.563978799053532
6.510178176162178	-0.5615962291905842
6.564471207140645	-0.5917057449884794
6.590043673954192	-0.6722591115089072
6.646118718515535	-0.7211801953201564
6.682030015089184	-0.7917385178191564
6.723251542977531	-0.6520700743676976
6.778199015469143	-0.6455487386674661
6.806350461849892	-0.7137150463021513
6.8623887120310165	-0.5413096836227832
6.8876766320532266	-0.7044022418546642
6.943528195390327	-0.9388355814520714
6.97102806421408	-0.6762123352841183
7.0201761515838115	-0.8367493843043834
7.067102431035281	-0.8372821853215643
7.09891503522759	-1.0142466304664157
7.15127306435128	-0.9271664121796
7.1817805577341165	-0.9073186048818841
7.239511000248905	-0.8927072953413111
7.264931665546806	-0.9938601684683522
7.310010416635821	-1.0329488287732023
7.35899696358144	-1.04224208453379
7.3992216316880235	-0.8853822226279702
7.44882967561645	-0.9738211458187964
7.478007341101909	-0.9566446172675898
7.535541622250419	-1.1072849648056329
7.557205432386461	-1.183387130735311
7.6114149943455125	-1.1079321666848225
7.64472213446555	-1.0828134859293521
7.690175112544045	-1.1446394536811348
7.739422842845155	-1.0524737103653508
7.773823993341548	-1.0158788498335285
7.827772156395017	-1.2244885312578664
7.852336681093975	-1.1822606169653052
7.906467858581266	-0.9969993165369914
7.935158496436461	-1.216141351180018
7.988713166792358	-1.189478948088815
8.034375781251791	-1.1343243851434368
8.066283953009696	-1.2676115559594476
8.123139091764088	-1.3265862752383062
8.148594094311656	-1.2292937596937843
8.201698023175446	-1.1652066831085526
8.228699522849354	-1.2394608278569854
8.281869736885758	-1.2151844386532364
8.320995718360994	-1.2577957071312906
8.363701949384671	-1.367081108736853
8.417848600629007	-1.3429499792518662
8.443896294969989	-1.334838028861131
8.497998152920331	-1.3605678907397443
8.524559207598514	-1.5150322788618762
8.579092989133105	-1.4197436493634525
8.610924855571767	-1.2796927139738654
8.662860965260135	-1.390669027346841
8.706868961557463	-1.4315823636096432
8.741592641963551	-1.4798816330169078
8.79618087179797	-1.394651771095658
8.823461716461166	-1.457195118725219
8.882580377893674	-1.5388323500433028
8.904836778174536	-1.4424541096381105
8.95945238983435	-1.4515901666156452
8.997670542852873	-1.615279409954037
9.043309385505326	-1.6087926369677537
9.091693326277474	-1.5686475498672876
9.119505739631208	-1.6596727765820596
9.160632633785132	-1.7509732985241608
9.202288736661693	-1.567730007786886
9.25766856143244	-1.6141948235827688
9.286199286049607	-1.7102561723589629
9.332160292135866	-1.583721343407686
9.381502039140958	-1.8184254766722814
9.411774747105845	-1.7381639204779469
9.462122725153504	-1.9103147397912323
9.49538911768988	-1.953269169480671
9.555344647615874	-1.849992356015591
9.580979983008987	-1.8205812307936233
9.634844615764713	-1.8103632172165414
9.672644416126055	-1.7638967563652328
9.718117354676302	-1.8545782906183093
9.768574490915961	-1.9275487724632578
9.79518595603923	-1.809449309483961
9.854416896245693	-2.019549146333348
9.878977515717347	-1.8741223899002877
9.93729745755932	-2.000823046728192
9.96224919368102	-1.9011527094736747
10.01237139517395	-2.0267065888910096
10.061513763866378	-1.9514247727173477
10.097311827867635	-2.105250386145667
10.151420410434005	-2.137784675587808
10.177077486166088	-2.1670520918122875
10.232645306648719	-2.2772893797541465
10.252749765096393	-2.2286934509137315
10.30711855681717	-2.1598735961860376
10.351231348930442	-2.2633611339702124
10.38839512459406	-2.2910115335229624
10.446359409629245	-2.3315782331051604
10.47324217571869	-2.3551799393980466
10.528350731818916	-2.354026734024385
10.55351041515922	-2.43710001267663
10.610888655085754	-2.382997307112326
10.64270731075136	-2.4168837990210648
10.688675183832512	-2.4530031723331986
10.739364808581712	-2.510373328705064
10.769753119259711	-2.494063117127839
10.821950127358493	-2.564741152991808
10.852582995024015	-2.4866691390996225
10.905902584953873	-2.5497682043284615
10.93456227334	-2.602172188249503
10.989811563357298	-2.58048548370476
11.029683969532213	-2.718700467721234
11.065761378076717	-2.6027418722700895
11.124378203503811	-2.638295442502285
11.146488248587398	-2.763063650726532
11.201608793607155	-2.6341392413943843
11.22878652912656	-2.795343421627372
11.287803275779794	-2.8089788376142333
11.31781732076409	-2.6972100196136917
11.363005614449705	-2.893994517952007
11.415950634236731	-2.8335735384244063
11.447385237037357	-2.840979152654567
11.498657892806419	-2.8787924316026237
11.52476457790337	-2.864733829242957
11.577022055171813	-2.845938888867376
11.60848467933249	-2.9480033759173065
11.658609425097573	-2.8222065694760254
11.705761798358433	-2.9726051600647674
11.740217723655489	-2.90640519182365
11.794949111181408	-2.96490250078985
11.822136294153127	-2.971320504170057
11.879638480749247	-2.9561332067697186
11.904442123038663	-3.151790757731874
11.960085625438555	-3.119800440457997
11.997870714025774	-3.1561922044981787
12.038722486511205	-3.1716616454552042
12.093510461814803	-3.222151057924308
12.115527045234876	-3.209209636872311
12.17106076423872	-3.314578356779091
12.196695748277397	-3.2207898242026975
12.252988163584646	-3.2476978535989334
12.288941302758548	-3.2588365454536516
12.331696783433294	-3.3107422910714637
12.382693020368485	-3.321795334124596
12.416983398220248	-3.290768696612578
12.475245339490213	-3.2554874972486156
12.494731669755776	-3.3807583377621753
12.554701507544625	-3.3112302866703933
12.578913889498594	-3.4325770278408685
12.629950542881987	-3.4146284602108725
12.675538550065763	-3.4034908225818135
12.711276425324236	-3.4290806710452233
12.76613659781649	-3.3546796496573337
12.792894594330118	-3.462110714657593
12.851637537898128	-3.385630217422935
12.874955359292862	-3.4722535190806294
12.9289665934298	-3.5126624406349167
12.968296379144423	-3.4149083165778213
13.014112020623168	-3.465448935948486
13.065550283680764	-3.517654885978069
13.092094392872799	-3.498419194870223
13.147322076386853	-3.508725818017709
13.174981266642366	-3.5305439995632626
13.231544734186718	-3.509315459506563
13.259253019823854	-3.529994114132357
13.31141904259093	-3.492027019191326
13.35360329030157	-3.5068499682578853
13.390625701484963	-3.5064420325750407
13.436257213357138	-3.4970553429617897
13.474312849729088	-3.4772461299223347
13.526526316880235	-3.5042681662940693
13.552604996143879	-3.526619282910625
13.608242187450282	-3.5861599062235494
13.64448661514085	-3.48420918121129
13.672855484506083	-3.5321986241219903
13.728505607555768	-3.588088361347575
13.77240862069478	-3.4623960655758785
13.82941809244572	-3.479245962909326
13.852258930499865	-3.5088867074180676
13.90646201060292	-3.517725343669215
13.936213367831632	-3.5006059352821963
13.987737362758336	-3.554841642088816
14.033342086216338	-3.4304739022535222
14.0711984944541	-3.4041493975203014
14.121768185486308	-3.3881678527928245
14.151606843163636	-3.4060408868916534
14.208432373821266	-3.4255426384085963
14.226961950019271	-3.47261426120136
14.285633452211611	-3.4897814672201033
14.322667138203913	-3.348567840080863
14.365462728289652	-3.2770679649740706
14.42105819913567	-3.3396981364448237
14.445458102928198	-3.391118630429444
14.499564806456176	-3.3455784516361398
14.527009604996598	-3.313146845759757
14.579821460381806	-3.22284340780373
14.615252444263666	-3.1983441731682154
14.660844518627973	-3.1152107126288717
14.709744174042301	-3.0406785402722933
14.746760621130585	-2.97498778950719
14.798039850151655	-2.821288808937556
14.82336142705231	-2.760562362144792
14.879417735635739	-2.691063882331163
14.906607188252897	-2.5965366404258527
14.95905937679708	-2.4558595810504187
14.995363769928046	-2.2839993672339043
15.039488976091222	-2.0807138001458885
15.093576486040563	-1.954164321264342
15.117455460903253	-1.7923353195189866
15.167454149749512	-1.4796026190375025
15.198512434196767	-1.3134144653313347
15.252855023897615	-1.024604627668984
15.279129988657536	-0.7879974184806394
15.334042929552924	-0.48816925273778056
15.372144001032888	-0.11138277894116885
15.406827836299387	0.17214239592552483
15.460626662143676	0.60696182621007
15.483149187688687	1.0870862502854208
15.523254135713328	1.4122707923990097
15.561556532135883	2.054137204055207
15.615615789686219	2.54948269881684
15.648407891393704	3.39104663954221
15.681373096302815	3.763244992500459
15.73560678341307	4.643663471028785
15.744740495632266	5.290494170107471
15.793773235581385	5.919906284133303
15.829201622426348	7.06575565505856
15.880220112291783	8.196813294905876
15.905121514901149	9.656780056141537
15.945357145698358	10.551346286125144
15.98873425615142	12.104726343454796
16.014403191300573	12.964366178107749
16.060532544597436	14.835608556377435
16.07882569742783	16.32987123469151
16.123854361604646	17.722411443572227
16.14556983450083	19.92319002048769
16.18547868204244	21.143256300646133
16.22065169600033	23.626968411717055
16.249206035483315	25.19371422668643
16.29175083454466	27.522441643757453
16.314802590405954	29.18242441613223
16.35632985565867	31.408446779110516
16.37449186031395	33.49881123620994
16.416882151185646	34.91648687429787
16.44639464621849	37.32419275562958
16.447314131483033	38.027270763102756
16.446449201275936	38.122367417610924
16.443252396345155	38.090980316015774
16.444956345782536	38.16368104021431
16.448163473611835	38.10511707340332
16.448144181532193	38.00313647590567
