4.953581453721631	0.11907256354244666
4.957553697541341	0.1534960088265949
4.9551354019983	0.13611818275282447
4.957049972411211	0.11485991750435598
4.957802980429676	0.16339098084913428
4.956012405560498	0.29835632666532663
4.9581420570925285	0.1985323538112155
4.956420812504282	0.08496244173889922
4.958688830659506	0.151462698796038
4.957048994953757	0.11632290303499121
4.957338639508897	0.23905202532983014
4.9586012210769645	0.08708879339059615
4.958681309306321	0.29842762839896875
4.960696341048756	0.21016842668675068
4.957408227316446	0.1831865303295788
4.957590614836617	0.22401019121144536
4.959557559879798	0.15371428153384636
4.9585374142461625	0.2105453148445018
4.955103970757422	0.18895737817018912
4.957141320990113	0.2776315955925498
4.958316086377611	0.09727388599919165
4.957290580024743	0.24056130907550613
4.956990710572633	0.14207929432869765
4.9588158248360585	0.3359980961720333
4.958323189111585	0.14362472460930595
4.957940506562572	0.148377261621799
4.966540957827304	0.17160001764520197
5.020098402084072	0.32355364735946024
5.054655602689072	0.17753505161698596
5.0956017684667945	0.18570492483983672
5.149611080764302	0.22614662006891106
5.179019741099321	0.1662543868444027
5.233660721081586	0.13240938045332531
5.256793628467165	0.15654262169961208
5.313563455259306	0.19296842382340057
5.340184913877225	0.1519168433247037
5.380313422752291	0.1441955522247724
5.439018884469403	0.1449793946590468
5.470555705730867	0.09831836214562119
5.526390323784955	0.11745211443111118
5.545637873019741	0.2537009990268938
5.5995718346021786	0.23212004639074055
5.6292107873250625	0.2065665298206307
5.686248147328472	0.34208324889955316
5.725576764602991	0.2809421157387348
5.764682129264568	0.2581602147116742
5.819570153288691	0.30870606383603666
5.842388744989936	0.25521425473740017
5.897909947640919	0.36263535672586567
5.9260607588400145	0.32214052819227174
5.978186340057205	0.27932886415866787
6.010575744950554	0.33031854725299364
6.054889956066223	0.34099794426464874
6.107559373802996	0.3188857082328736
6.132261043093056	0.3501566298568173
6.189192846356427	0.4249404774898684
6.210693734189109	0.3177331648533523
6.265897424948381	0.4770866941333818
6.299972814165223	0.39842455218664236
6.3482238699975575	0.43994098331420484
6.395962295262999	0.5927993074576252
6.42639839841819	0.5705613719788888
6.48575692803939	0.6093169184883788
6.510606686590165	0.7171379543055367
6.564081797968452	0.7351524300719345
6.591136251268495	0.7481774295388754
6.644658036458605	0.645181184084432
6.681937602280865	0.722808356120569
6.723339701660752	0.6126491834870214
6.778209565253459	0.674869514386815
6.803080104069094	0.4457534937559045
6.864235093592699	0.47919050653966155
6.885488003177496	0.4803482697429622
6.942727268226088	0.5256680077982095
6.969173280791901	0.4101221110777341
7.026796833989144	0.3922254487531282
7.068369233122134	0.3335033811920989
7.102991160316655	0.471295264895018
7.160425872548544	0.47107291926883194
7.1837029540348745	0.3852726368585081
7.2302427665014175	0.6227385054036437
7.264563092628091	0.5599066623836328
7.319692784310586	0.6323845394954664
7.354984484167538	0.7862987790440243
7.398435386462294	0.6840987271794868
7.449793885065832	0.8351873026735832
7.469904830295556	0.6951345732798776
7.521237030450459	0.746331232151485
7.559312011164128	0.6526717735371673
7.611017318403249	0.7503896236254608
7.641237154622605	0.7844165294558638
7.693013835640389	0.8182961018708689
7.740095326463086	0.8847698824724517
7.774946603509072	0.7780064981400628
7.827832791576526	0.9670547641707516
7.851259899630035	1.0904816531120431
7.9069266773403974	1.1316839680210242
7.931920006361809	1.1318180516237497
7.985042570964765	1.1459045504163867
8.023109192659938	1.1260509142602826
8.065204287249378	1.1561426075209984
8.122389004645264	1.1817477530139473
8.148604142788983	1.0788128810360538
8.202236653940126	1.2505336176526078
8.223383642840668	1.470994182430382
8.281977929918575	1.4988508097070372
8.31225362675928	1.421234231232099
8.36007900078027	1.4909075221828252
8.406693374006098	1.7504444507243369
8.442741130928045	1.7319820482092125
8.49536845794736	1.7441600311412744
8.522676849052004	1.7210311806413587
8.579078359262883	1.8658651312535777
8.604331447637174	2.0201826526661675
8.655413828097759	2.0764959817359694
8.689717198371808	2.2437184367386602
8.734008710402808	2.26543686404252
8.786453474317724	2.6760623498732863
8.81085528475993	2.7020668565699903
8.868810478348049	2.754421730455901
8.892917466633296	2.3615072391087835
8.951655077176316	2.303887870078636
8.97891768943322	2.5399823085374362
9.026177475349744	2.6428809015815715
9.074510785887474	2.810393253747294
9.10294735637966	2.8021652739889653
9.15799736477217	3.097287894373233
9.181985291268152	3.10304761243739
9.233144893149355	3.256683173968559
9.262211904600113	3.4147877172530516
9.312092768089531	3.367828300811732
9.359363292542474	3.6133828887183363
9.393868093130441	3.869659520953922
9.452207203081013	4.166392503313854
9.47278519324804	4.244090816550072
9.53066544946977	4.275071399129885
9.54773377763104	4.259281501705404
9.59925954828204	4.127745245805483
9.647388256893127	4.305896593480639
9.680149822763372	3.484512612301843
9.735021647384187	3.7867242482196897
9.765318349359594	3.4894703724621405
9.821948699735591	3.784892397900247
9.844031619665254	3.9156432407847843
9.903595596074288	3.7431140454819403
9.933903672384275	4.29339593971071
9.978814573364561	4.111648504168034
10.028003437583973	4.657980353848487
10.060685360931375	4.670111464285577
10.111635822989701	4.821424152930205
10.130848851295422	5.151833379515549
10.185376262133843	5.461975261673073
10.217165367983242	5.741273769465841
10.267794252592944	5.594698314184205
10.311735338454673	5.922179385127624
10.342199314255721	5.929076665643956
10.400706771496722	6.114876554573191
10.424076722683647	6.154113951721031
10.482440392666081	6.526314994030469
10.504970318221526	6.638010433290788
10.557378491169828	6.918034160626891
10.591402075632866	7.5430662400868
10.630587516541679	7.720181753949
10.682138351139677	8.017137442721866
10.708944466716746	8.665846973843985
10.766459149410652	9.022975318213351
10.787352119985691	9.41079180097701
10.838238299748504	9.809111256004574
10.866646342549389	10.26487754949496
10.91260906076829	10.841367874404789
10.957123591772401	11.295107141844008
10.993180750956931	11.522995570474924
11.041058241110532	12.494776096680575
11.066916226824416	13.045790831660192
11.114168674453657	13.851345435739129
11.136919071051341	14.636546576572764
11.191134846230302	15.45281022176078
11.222796052346622	15.980334073231225
11.267947812425236	16.277423688383283
11.313796726626595	17.302678191220412
11.338939563137211	17.91136768096986
11.381038325272305	18.971568981797056
11.409625055973839	19.626225183092842
11.457104243712845	20.800033101912234
11.485930063136811	21.89274941822225
11.530504522408913	21.769761194731714
11.57143623355381	23.437858863371115
11.588202290850887	23.87497189647134
11.632821261893307	24.956919487935643
11.660131294455432	25.975103655058863
11.706225505151508	27.134090473430323
11.739282573716363	29.068235397349056
11.77188211922072	29.72600291647993
11.822033091410173	31.581557518195964
11.839414600552855	32.53975453702999
11.884812992684981	34.43451151805893
11.905031001474242	36.46193321502057
11.951039269725202	37.915131266586535
11.975389740443886	39.73236995375505
11.979168834385701	39.91629287415455
11.974942841977247	39.83926868940894
11.980190360694332	39.72972700173786
11.980265671202174	39.457980610787764
11.977798292382099	39.03216536493869
11.981730292615532	38.9588587472951
