4.9541312596560285	0.06828215283169198
4.958054403978027	0.08113995740410287
4.9562497530337435	0.06085494393964935
4.956180175513751	0.044185165468775364
4.957933573013955	0.06090895788384729
4.957138041059048	0.07139573115113731
4.956152498292827	0.04004894830892597
4.955268702737541	0.1102984075128337
4.957972614988671	-0.011874861473945593
4.955458742539671	0.05092432372024328
4.957566381260957	0.03715805300706876
4.956759143969787	0.1047632163455438
4.956614137621841	0.07062737110477034
4.956830380943803	0.1568293681080127
4.9545990782457014	0.02243365004291142
4.9588939954383076	-0.02090735277853252
4.958049559056398	-0.006961291077361712
4.958022599459408	0.14829595418422323
4.956111820477574	0.10289730477271597
4.957796838064274	0.07801701803632612
4.957764002900216	0.08881269100838834
4.956822902968092	0.027938720476913207
4.957731592701558	0.08163933576662431
4.956335759600925	0.028632592942849092
4.954750536920528	0.18665359256709146
4.95863936499333	0.057643736341553294
4.957137449873315	0.07622203582543735
4.956409820546083	0.06776614803517292
4.956703769959894	0.206344765431764
4.955032306950706	0.04168890307754392
4.954922549271471	0.021918135347663164
4.958615621680673	0.08764657343906258
4.957164529873408	0.11957731620545728
4.956645105444643	0.06760270830239015
4.957602225685077	0.13890773536451237
4.956094938650756	-0.0667698019032109
4.958341027802023	-0.05795923916850276
4.9553072061650045	0.0618704960946709
4.956492218107618	-0.10662830181133298
4.958417739302165	0.02780163307578734
4.957916752690007	0.08163611351015652
4.958444011199942	0.16559433599645207
4.956844795687477	0.12361143566435492
4.954994766235487	0.12907313720737756
4.958155954495387	0.11680277299333189
4.954867242799066	0.1310233735935302
4.957193764168062	0.2208579641310808
4.957259542927217	0.34169128912772484
4.957111748356159	0.22678173261761864
4.95645931626718	0.2756968882713565
4.959538336801987	0.21856989062138985
4.95791260824681	0.1945957729061049
4.95711644087077	0.183250883117218
4.955658749133475	0.2668643771209971
4.9582597322586075	0.30332917400949544
4.95718150917943	0.3166661961385575
4.956570664230435	0.2515678192431263
4.954927943246213	0.2077071626080839
4.959672095876364	0.21591655688098596
4.957347149957824	0.32902840045438175
4.958413391041121	0.30499878115054996
4.957602877419799	0.2244053110252272
4.956355122015253	0.18577185774962918
4.956363901810954	0.26397161003071307
4.957686072484687	0.30014302766701006
4.956534891584495	0.2438082053025338
4.955858321886417	0.34548788343484715
4.95533139129504	0.4124922275134237
4.956197381591778	0.3343623371287298
4.9570290840907685	0.259501769340016
4.956012952758828	0.3174412257758666
4.9585768588815835	0.24501384061193884
4.955305594663644	0.19014679992562902
4.955274313581485	0.22404111164012003
4.963595312634126	0.2425983481255114
5.022034106796021	0.26413892739416106
5.0528888102815195	0.2990930851039846
5.098872263372554	0.25041001135521923
5.146557572140416	0.18795799078197753
5.178099644404993	0.2579608108298113
5.2345716134910365	0.13527048470144243
5.255468990812737	0.10367685252001874
5.316951248713245	0.23556353005203554
5.341108563224221	0.24017387403361248
5.391496396562983	0.298509879853119
5.436888146052917	0.21361099348616316
5.4734243312286495	0.2818427557912632
5.525396686132769	0.2580558930478828
5.549334735072179	0.27374801724811365
5.605077389730594	0.3744442451636286
5.632102147686389	0.40967061486308537
5.688352061920947	0.5111844634637782
5.722483250256984	0.5781466798903834
5.752722088999512	0.5690154703649206
5.794915821740101	0.6304296893476327
5.817188151005283	0.6124190845919562
5.861102790639906	0.713298183423198
5.914551140202088	0.6103050361013175
5.939457854945655	0.6897086098278712
5.991880527727188	0.6090484636529482
6.0205590983681425	0.5499732784886875
6.072354057295364	0.7254049705406762
6.1055936655510585	0.7205616559269936
6.155443180948863	0.7848306716712078
6.202334486581153	0.8665322802642451
6.233776959848546	0.8702711089628671
6.286436633517001	0.8236814145927625
6.316536962497967	0.8047416795493001
6.371668185609078	0.8508933241232235
6.395690110597982	0.8193683589387725
6.448822920978822	0.797817550205699
6.490657364127962	0.8495472583422947
6.530906390994733	0.8481127865541803
6.586442796078151	0.9720577123883826
6.6087831738400595	0.8697390328292691
6.663457995961361	0.8817322962269697
6.689686797968733	0.9586477070605731
6.743021357846519	0.9893502835470678
6.777144864890522	1.0760694386460055
6.826468617055381	0.9586372541731303
6.8737726480615855	0.9811920994857131
6.907993804240451	0.8717250020040176
6.963842519109551	0.9782335649327846
6.982908302294014	0.9453289311449438
7.037416680464609	1.0054581235162376
7.069233713007298	0.919812957917395
7.12084042191589	0.9325797382958033
7.1630985206132145	1.188438902132985
7.1998096680113	1.0529134381114964
7.256141111836467	1.0282022064731677
7.280270685589029	0.9932701213029054
7.3347427347901135	1.0957529406536037
7.358165120962351	1.2101530512997145
7.415405455353094	1.2924418056637315
7.4462978675635725	1.2965430215385072
7.490099174043795	1.3002036521795544
7.541648739325108	1.2928995878501912
7.569277060651867	1.297910582269105
7.625271815775896	1.26420680405249
7.648506443528429	1.4563735473848567
7.705692795473951	1.4438757997692346
7.734756161721624	1.5058719595939993
7.784915590862775	1.4791130576172753
7.830499707164831	1.5702393691819638
7.862813916779233	1.6836560263013152
7.918024717882801	1.7898615763081935
7.941779146685366	1.8525519809705973
7.99665822991974	1.926075750896318
8.020276519939134	1.9201712580240966
8.076422679431424	2.0278045920233065
8.11513128664443	2.0437655388031826
8.155746370846616	2.0775594061470883
8.211478464803983	2.11975001872494
8.233846205554386	2.2102350052633954
8.28538454997452	2.2432571744554877
8.315374864081974	2.2797015885444676
8.367530469578874	2.187556206513388
8.403721627192315	2.415820581615415
8.44177966126058	2.304200914204175
8.500609974219646	2.324634258627113
8.522885872176028	2.344444416663193
8.575945963275188	2.3693874852686734
8.603814074615784	2.34843343942641
8.658641165871337	2.4744338736096223
8.689090845060012	2.6683858661840594
8.738934335658072	2.573287387881897
8.787039605579869	2.736212200109125
8.817309060682962	2.456058223771333
8.87185835665303	2.5487020460138528
8.89927821260969	2.636509420176876
8.951629149834922	2.5641321198344755
8.978294531122392	2.719745767845193
9.030671326011573	2.74608009657141
9.07440222722958	2.826130238317764
9.108348680986529	2.9179797470337268
9.165953149898181	2.9517195973109382
9.194426485379125	3.169883782207573
9.248097253625023	3.2313341046955926
9.269259677865007	3.5399567235458194
9.321456759660315	3.568899666653413
9.356546817919181	3.8386063311945096
9.403558770682356	4.1526748216529095
9.453406307686071	3.990716007822013
9.481827493091615	3.9270900366338037
9.53518471187958	3.988326230497889
9.55761955463711	4.004160289551314
9.61324771470901	4.2640760640982345
9.641725753700953	4.533987706849277
9.687299393887253	4.598161153809743
9.742400669638533	4.889273279650905
9.772740989401402	5.019178909934588
9.829754911763242	5.330543306597075
9.850904488659424	5.1474495917803385
9.903857301959517	5.444150982124999
9.929355882226595	5.5095793713732535
9.981190814701227	5.817414819613658
10.020267502714056	6.059636943923367
10.058556874152496	6.373856589158338
10.110219320014231	6.5881309792480875
10.134855779463491	7.009753117816302
10.191113753504128	7.1386100434660005
10.217384427822378	7.098474361647253
10.27012729423535	7.368955339216995
10.30201309942225	7.626994780748382
10.348627966181597	7.833112236290766
10.394665035471286	8.233619174818713
10.432958865111825	8.647763867827756
10.484475192529953	8.696111615065766
10.503740237111359	9.269005916652418
10.557859623653393	9.734338195903453
10.576572376064906	10.523113611897799
10.632197705353581	10.794675698714586
10.668916008989848	11.375393923662418
10.707860312774871	11.432152255121828
10.760064924604281	11.873506295744079
10.785910358746037	11.542828954912814
10.83701843920654	11.837406414849326
10.861580749942783	12.308026782715691
10.917866506265753	12.55239854597588
10.950943823437647	13.145195011198945
10.98764897435413	13.445780440311442
11.038800331880521	14.12759435036772
11.059662722899109	14.561565193536248
11.109500273742558	15.43772757438625
11.134161987880049	16.633499296911808
11.183647820297477	17.21709556123526
11.216738473584975	18.232297401736275
11.258091493553895	18.525696035470908
11.305907810785738	19.13600339255457
11.335608744596747	19.67421292005112
11.385543637640392	20.551908811977228
11.409822959174768	21.10765419182327
11.457195772037126	21.747606877724998
11.482352976035315	23.041912727175877
11.52217915816342	24.154785877922183
11.563199439509395	25.309077256275664
11.596690672525636	26.020797239746184
11.644287349390847	27.410405321020193
11.663003649156602	28.110473039238553
11.711203323192816	28.943746898535508
11.731834596901505	30.770389086658447
11.775227686493407	31.937102737020933
11.813331980839092	33.86601507887776
11.840225341504052	34.53303846765029
11.877238894516928	36.52127568727543
11.915543790809625	37.95084397889195
11.95963408980966	38.126501061743134
11.978827079159172	39.938667635883974
12.030470387323781	41.17557324629444
12.058786918532256	42.88103778640983
12.058735285041655	43.55285281784357
12.061325666123599	43.360204697198526
12.06149145768843	43.08646203644523
12.060380762709014	43.00101342021606
12.061615321296747	42.91576153043982
12.059735350375275	42.85665617158275
