5.07892157176957	-0.16198489376838837
5.083887384400731	-0.004508323088366002
5.08484668614493	-0.13693476250592831
5.083348559003667	-0.02935455289020881
5.082438373803317	0.05937745779294639
5.084139718720625	0.04580147563981501
5.082236388140199	0.033000887220769645
5.084689615859842	0.02080943767295443
5.086055911478251	0.0747378931401985
5.08464425397252	0.10051758497258424
5.0831288519177455	0.018719455979210584
5.084128433083595	0.08365655455272035
5.084000382702518	0.10551387815667942
5.0827894350532326	0.04171596723095297
5.082871377408523	0.06402856075361281
5.082320572914805	0.030382788118371373
5.08510478357943	0.047269932552002736
5.082325843109535	0.03350250500407178
5.08348423843411	0.11093093647000599
5.083474313554355	0.01807888231632752
5.083491869686235	-0.02743610429004322
5.083155298370766	0.1063382892467287
5.085685679652489	0.09688933080985193
5.084955746154625	0.08162341498565381
5.083627276340657	0.11614251345781741
5.080844340330167	-0.006863380311281226
5.082992875446873	0.11993187547897975
5.08095356788886	0.06932621187425973
5.0846870563648725	0.017923844944144136
5.085597842081366	0.1211365575168276
5.081280266049879	0.08017811628340639
5.083718896822912	0.09049057656419326
5.084991037090788	-0.1427366974276189
5.082189176766827	0.012831882022180448
5.082600197739634	0.07059190163689855
5.0833130671384925	0.10676224353272126
5.084752179203214	0.18713691301046698
5.083555347688359	0.10852144330545517
5.081473294477705	0.06105636429665619
5.0841671084614255	0.06487783965346428
5.0829814995250935	0.1753031041408341
5.085329778977474	0.032403760233177294
5.083294479460648	0.09699361143647384
5.084600940767714	0.192487500492376
5.081906812601668	0.049201763846128156
5.082500839524444	0.09822638023061984
5.085018024360451	0.035687934667647525
5.084138266648804	0.03049016522257433
5.0835186781791	0.017258305827323652
5.08421738472069	0.136292600518922
5.083215862314265	0.0758852001460866
5.084075260647925	0.07028138501144444
5.081185246805143	0.09797874146339805
5.085275359180658	0.09562103610027917
5.082442748314001	0.07397758790750777
5.083931134473708	0.16084495852903674
5.08417882011987	0.08841664160836005
5.082813075364189	0.14596516071586163
5.081640981361208	0.10904916848258278
5.082494609806801	0.19725948854763584
5.083897832839124	0.241674206141609
5.08359023233594	0.26066281621229703
5.083432896939213	0.22968475914011224
5.083796051614234	0.18567109910987717
5.083121413082118	0.15545848103492468
5.083279038238935	0.33599199144661057
5.082048346172558	0.1523806898929817
5.0826746615370855	0.18014842459675479
5.084593198545168	0.1369209587349693
5.08329510611569	0.2113822282093683
5.082902991409954	0.16977385602592032
5.08393080822975	0.22598664308098912
5.083927305335987	0.19535505884587676
5.082760787995328	0.20441146799867704
5.083625203820517	0.21180915153907
5.085112143091054	0.2851655958264153
5.141067728874438	0.20191042766475242
5.181191302611635	0.18114400916610646
5.206970989725852	0.17502603311422837
5.261396168353006	0.14779234894157436
5.286981647738706	0.16198259049059474
5.341514524374183	0.2281530453780478
5.37089011684721	0.1986352182858985
5.421190213469824	0.22061239758356638
5.469500378304833	0.26990878738657265
5.503172995643354	0.2889969282759416
5.552081679945724	0.20113585480339877
5.583130993476383	0.22040370724146566
5.631050355552372	0.19491590517447022
5.660338750098367	0.2786728632379096
5.715186683185662	0.31465199143688244
5.754489253646772	0.29540064582265035
5.795257314354389	0.2541737163166254
5.849766208825338	0.3178206512042057
5.873184446602414	0.3212682968161815
5.9283155660632705	0.22918935086182618
5.953780650227323	0.3124341770200653
6.008046250431665	0.29895616668941744
6.044623394668765	0.22741180226656735
6.089292177917029	0.24865103683854747
6.139911966579541	0.2571338528953688
6.170736204592938	0.3096620848412356
6.227922003572514	0.29745989112855786
6.252151868279357	0.3345985599850905
6.305365386553584	0.3234815914680202
6.331871374607845	0.35219344897182364
6.390759972512255	0.25121373530650326
6.42934869557447	0.18070816877536178
6.464879298997801	0.16795711241272288
6.521157235491694	0.20338610031304638
6.548688265955644	0.2328160493383346
6.604318897388545	0.24983121681835413
6.6273053126226085	0.29927747712929664
6.6844318205545825	0.30476327691393423
6.716249573978603	0.21816075856220632
6.762005339343775	0.009675722359171456
6.81327857544084	0.12977098843613724
6.842024834991742	0.15945817348866567
6.89693048483128	0.16126307733670112
6.916045719862105	0.05164642379428568
6.970869078418492	0.16590570842738322
7.004302225754358	0.05456583283866149
7.053686711572398	0.07448271922469873
7.100522545257462	0.036721934756840276
7.132512962590567	0.03084392496012191
7.186765947961048	0.008778591213039609
7.211663818505215	0.011832340382867446
7.26665721859036	-0.04601216457875449
7.29395918317827	-0.04682219881110729
7.345271124022284	-0.12487426681989834
7.38772206459374	-0.030466524786440685
7.424351952483256	-0.06019146667464095
7.48311854200948	-0.029497959507839643
7.505714530821509	-0.16096317350680933
7.562309972859811	-0.15169864498185295
7.5831206236550575	0.015127283806981603
7.64059489709695	-0.05177541934659942
7.675615518205323	-0.01123390036643766
7.722327710012571	-0.04920599501819811
7.7732644164111875	-0.08454245599782438
7.8018095216265415	-0.12590967033666411
7.855452509437056	-0.05524146839561665
7.880126683466312	-0.07112825859213028
7.935723570339329	-0.12147355328235183
7.965697019537199	-0.13510337045378704
8.01407223712389	-0.17673689013956034
8.063493124307302	-0.21557928366004533
8.093191983132066	-0.17147819737394673
8.146869920526532	-0.3075220723150387
8.174181570480691	-0.23251519885682423
8.230860006375616	-0.18413385872628554
8.254596627214141	-0.035099244169888744
8.30904150410829	-0.18853398977924427
8.347779177739099	-0.07358970340166276
8.39135801728907	-0.1568339155603375
8.445894002111723	-0.13038473581609702
8.467740776703739	-0.22831471034108167
8.525599828926174	0.03108509935458405
8.55282549389084	-0.1110874560836004
8.606970867849249	-0.08241075543349076
8.635617232071741	0.005097096171741901
8.689352543779371	0.015037308873686704
8.731594266689108	0.020204050653502562
8.762612299949012	-0.1859463208923933
8.819197922448273	-0.07495481640893416
8.845700170795595	0.10429715113548761
8.899237231485351	0.010817854225884242
8.92744762561693	-0.040680208921865295
8.980145188677136	0.10939790533960639
9.020894388408143	0.08061680821390084
9.061649049521295	0.08561008435971057
9.115257269472629	0.05646773537779791
9.144693266922076	-0.07790593828250107
9.19646596607061	-0.05786504880947943
9.2244519950946	-0.004899558150427128
9.27997824458596	0.12483726197303051
9.310882063093118	-0.02136150705905656
9.36254360848722	0.011706364553351516
9.405470903665096	-0.021828802101277748
9.443136800332248	0.01047792520086936
9.495592525896846	0.056649280650261154
9.522625549472583	0.05770461184557179
9.579826578596682	0.19064751261000035
9.601124302084427	0.2664788219830458
9.654182138307952	0.07458811034648696
9.694306760453248	0.11761776077487739
9.733044788359509	-0.00013030909591419404
9.785961518601765	0.06786825418910414
9.816009543773614	0.11223825904399722
9.871048535628189	-0.047412618143094394
9.893250588965845	0.08935188375702864
9.949710550685326	0.14646457902363913
9.984395125113025	0.07358171210288737
10.033984060910486	0.06752062948223228
10.079440769315442	0.15946110281272674
10.107877658244908	0.2093449478689675
10.165116026014722	0.3278519923642313
10.188663424979476	0.37461930472657734
10.241288502955365	0.32429218839538987
10.272080742027113	0.37910758360900876
10.324447101359707	0.15455549620562634
10.367557578084002	0.34980314205238533
10.403867724226584	0.26089629657988705
10.46092003250302	0.44901233915517763
10.486811298723273	0.18822864726343738
10.54004105577645	0.4554557002208549
10.564275719657246	0.4480541986292696
10.617351780637874	0.2656136237791535
10.657649803763725	0.5334928021971681
10.702078593338753	0.4835334169898171
10.752938525103588	0.595576906288217
10.78118183329516	0.6525809103922615
10.831213613404918	0.6636661098106392
10.858014739813653	0.5766865477325392
10.915860663330674	0.6289663812729087
10.946517260758645	0.7857866393794132
10.992390797129236	0.8360518973233387
11.038649941503126	0.834010145212535
11.0733616779197	1.0186949248757884
11.127299754281454	1.0099836480219286
11.149194574666488	0.9665923022012594
11.206689961600155	0.9924604000408319
11.231965067523923	1.0562458257571126
11.28526998955903	1.1764777853486934
11.326880101978224	1.2213746978179518
11.362253050779355	1.216628793986722
11.416183435501479	1.2178982091213744
11.443099421363709	1.359620203074169
11.499970185638148	1.4527891124471717
11.519397155966537	1.476878799444117
11.559360042218511	1.4246880024603563
11.611864423288997	1.5636165168586984
11.640602004432067	1.6488564477107874
11.694464335026645	1.6604380037140565
11.722004455511026	1.6579623161006436
11.775082150795852	1.6999631316491082
11.810269803830197	1.7151855445285042
11.857103409221102	1.7567287020144173
11.904600813851642	1.8036059120236423
11.935886633925762	2.156076048580237
11.993912812681954	2.277514257480791
12.013506988216578	2.4638285605400205
12.066146560747338	2.6152366326100625
12.095286366143416	2.822763619311374
12.145508390163986	2.667005939581019
12.19053135008863	3.060155086335323
12.228000734080368	2.892118211389119
12.285123555913495	3.2630984338986018
12.304776614540023	3.103261806121284
12.362253476210213	3.0304840589047273
12.3893132355536	2.976929469591983
12.445987051155882	3.133496402401628
12.47577576135417	3.361169121897606
12.521275502973046	3.5655353480766516
12.569273299051822	3.9279435971587997
12.599200186350968	3.685881508277011
12.656884874586716	3.8531109489728474
12.678281170216358	3.8185587938233785
12.734639330865745	3.9242374047711803
12.764489115242087	3.897395980260169
12.813009090071077	4.143451285638037
12.855641184691976	4.6077407155932155
12.891394932851098	4.792909204443363
12.942712263987776	5.279080061209079
12.974441506003402	5.621479704617338
13.028775099126097	5.682404925079994
13.049809615411249	5.672488899988866
13.103542352907784	5.919117432710938
13.139012646689823	6.46188927816933
13.184083912754966	6.482701043266419
13.234429042958235	6.75928510036495
13.258816140059107	7.004010093767415
13.311819113131397	7.461280298921046
13.334573657542133	7.928924945211664
13.383780685276395	8.527924025747142
13.415566829020879	9.159447565111845
13.466219896282496	9.25722735137169
13.509466836664075	9.550620500484985
13.541747796230116	9.829198378008744
13.587017269905644	9.832855854247725
13.62056956202231	10.357938196862188
13.67074721663648	10.935879531828592
13.69704553067582	11.355345255936323
13.750442060007916	11.482517568692826
13.785559629026816	12.109479102887969
13.824108756704394	12.590871239117975
13.875287308050693	13.069577089194436
13.903065436994515	13.331159483633897
13.957722149019569	13.642444391350233
13.981640213263317	14.016311411417837
14.03431948424163	14.53103168722076
14.06339163938816	15.361742225775137
14.109922789949293	15.658805104639006
14.150631824366892	16.545854962153133
14.179265495330329	16.74718683724554
14.228492226807509	17.42072792406059
14.265868195265563	17.037334520376653
14.316957969226403	17.005740701181914
14.338794831077278	17.978070320080406
14.393958773195761	18.627717744637767
14.427730982512712	19.309937761618006
14.464721128929687	19.50521256577434
14.50994460462117	20.860063838065944
14.538509188651217	21.415439378336774
14.585353418293698	22.378001963854906
14.612697843932933	23.02007634096959
14.66263674623355	24.19037927224489
14.692775395585157	25.165320759225963
14.736490670985967	25.09995760784504
14.778685313993394	26.86141435856853
14.807899634486931	27.075084601222926
14.853152121586438	28.375511670496902
14.880159956592548	29.418590868621042
14.924614597147324	30.730682094216913
14.951046288164042	31.981358930366753
14.994918349016492	32.341931017892406
15.033113812820426	34.06935827604353
15.067411411189072	35.07709804248926
15.115806627686462	37.24026587756329
15.136930072877403	37.71224431812928
15.182658371719002	38.97877358863473
15.197073506528513	40.940143609006945
15.196218654528318	41.06907057032664
15.19613474976241	40.870962326994565
15.19779731533752	40.67507701860439
15.200273963381578	40.331313673891366
15.19778225463987	40.42032248466604
