5.081946999846567	0.26277843884957874
5.0863467979559065	0.3560916285210199
5.087468643065954	0.15431488575475288
5.0853696745724	0.37360147674776767
5.08656699884536	0.19389834596528144
5.085064258848176	0.29922750775034546
5.086217012654885	0.18683177037801058
5.088046760436633	0.30357559381714894
5.083744513161607	0.22810719492662515
5.084774024826714	0.10501465969571445
5.084225245053062	0.15614920001636662
5.085013951381507	0.31510215366439337
5.084230894187344	0.26653858409044934
5.0876653104968685	0.04821616902390254
5.087457213809218	0.24525052612678788
5.086243189788203	0.07148332995911032
5.088133090369096	0.1593709798483262
5.086612964758929	0.028322816198481524
5.086717595064551	0.05244792418478687
5.088473538160825	0.1373494138436914
5.084196959696834	0.031863481254793026
5.088927084478675	0.1925057062487513
5.084667973243816	0.22191847387817604
5.085543215241904	0.06762380351023553
5.0849955853052915	0.1385855078343937
5.088111868209655	0.21527022033077012
5.086831293269283	0.14892794023078543
5.086814159491512	0.08259119704977275
5.085167685990701	0.25332790321166876
5.086635198436671	0.08751459839030627
5.085790034179242	0.13319683053375994
5.087881428617354	0.22755315879247356
5.088818114503313	0.21762011416305715
5.087308654983431	0.16870800732332297
5.0848399877645125	0.1845428488538287
5.084589441777878	0.12699312723397524
5.0882329666666095	0.19274139999374337
5.0827542690922325	0.19230988043873964
5.0852564131693185	0.13428168269567062
5.0837232888261905	0.17033857567705446
5.087959031114623	0.09625301369386138
5.084428847165244	0.12389496289143244
5.08653048502952	0.11387598083097024
5.086021585774295	0.10486594668453092
5.086766215800724	0.20996797033684442
5.085107786922004	0.27016035402059785
5.087674558768287	0.2582450050159826
5.085478008597397	0.12651279752717268
5.087284287115871	0.20762862339516702
5.086584931028181	0.2105318331119831
5.085889086708395	0.12143458223747662
5.088945063902333	0.2158394664422415
5.087363792353816	0.1460935355367177
5.086800935683442	0.08104658731089925
5.085193566293709	0.1803873474737366
5.0866473007869875	0.07265926192253219
5.086989289803064	0.19745338688629782
5.086348274143857	0.12903202416406148
5.085889855584213	0.08143821245115805
5.08560024247536	0.08481490155943512
5.087447807857082	0.14963232582562988
5.086841989027617	0.18884402072004522
5.104823444348641	0.17791205076785888
5.141899328881491	0.07896764503140434
5.171906987065093	0.1896406273942964
5.18284975841345	0.29576610987214336
5.216313172282852	0.26619419885189294
5.247728845949725	0.2828686263640794
5.278669056095504	0.2023076045434354
5.28694791609716	0.21799755144494667
5.320971208490622	0.29684483726428645
5.354982650860872	0.2407205081829446
5.374418998540973	0.24814088786136998
5.391908784917568	0.2198278248943408
5.4289037301233325	0.37082196990359395
5.464819406497913	0.3678495182478963
5.468786266395783	0.20152108136389796
5.499865503950517	0.20396516107419393
5.534157580231772	0.39236934685905067
5.564748465629274	0.3944207713662085
5.573530344530525	0.3261541934653918
5.608043125493673	0.39812382358462317
5.6389608686618224	0.2987772961288552
5.663647257748005	0.5304323340424184
5.662900410932886	0.3774744363816945
5.675064276109817	0.36605560416455035
5.707587199988582	0.4530708596425956
5.733854360061811	0.3934526843783738
5.757318441229613	0.4495313941196626
5.779011713526206	0.3407333406827514
5.816086728765823	0.5046238146822911
5.850678195931227	0.3477625559688389
5.856306160981623	0.43965525450636606
5.891311003805765	0.4951871306097291
5.926754033573443	0.4971022134521569
5.94888234087332	0.47111365816620376
5.964491864889132	0.41765864832871824
5.997433710047165	0.503103232682658
6.033042329093803	0.43839817794946023
6.045877604020738	0.491723135066529
6.073226269444543	0.4367362151857177
6.110826840034971	0.6081493946216133
6.141473776959732	0.5167089148718038
6.146782864910419	0.5860895891875808
6.179378469309679	0.5318357960391186
6.210543225976803	0.5898368334866846
6.237824835085366	0.4689722660076877
6.25322342114929	0.6422041869550876
6.287573221116363	0.6031668639646541
6.318877226340124	0.5776140332204711
6.329846547731979	0.7259298187939163
6.3604329728807425	0.6855905625237705
6.397132525713777	0.5691436063839475
6.429893044500879	0.6350407669213525
6.432068488532096	0.7098493191826509
6.465228592429206	0.7477799892202178
6.503517029947343	0.6882042795559712
6.523235718508024	0.6428712890400712
6.53687815859721	0.7254447015455063
6.57033320189621	0.7265132289319686
6.60527492663233	0.7907302324587363
6.619235895123824	0.7652242470677487
6.6457465054158895	0.6632791172299423
6.677460020203469	0.7682095917212801
6.716539359032492	0.7067685096784371
6.720177657092636	0.7377487470283135
6.751858544483209	0.8503396005529451
6.789973712818657	0.9456226649976442
6.80999629275836	0.7616593477300271
6.82708017378606	0.7569219958700701
6.859626652512194	0.9016203330111029
6.899557455745391	0.834125367533852
6.909664432490132	0.6904581127428486
6.93643461378071	0.5319369487434353
6.972888420066635	0.6318255037596878
7.002570793400793	0.7303807443261037
7.0086770764573085	0.6509419084887887
7.041935130542205	0.6219575808176384
7.078635199302189	0.5990758593494617
7.100486590378718	0.6482911277287783
7.111904623276551	0.7744869326010254
7.149158620091901	0.655976601635862
7.1844337670451175	0.7653398656679747
7.197206739813202	0.7579178680758768
7.219811571538752	0.7678307483638417
7.255130917257937	0.7380963733901716
7.292066965576183	0.782157628150968
7.296997925377514	0.8478549035303048
7.332677048299244	0.8554685404814857
7.365041883170779	0.9280527077031462
7.387322886960993	0.9557193042664711
7.405960883436709	0.9510131058506625
7.43963050258008	1.044397075935363
7.471900240029161	0.9554973747036013
7.484991447773208	0.8527072358281347
7.513455584741013	0.8523294490133424
7.547375690590737	0.9779364339314356
7.575998528881238	0.9831618528856843
7.588332321135889	1.0326420645589927
7.615192609067465	1.0499009455119959
7.653616592121034	1.1717103242649283
7.672820115467616	1.1734963897457733
7.691519839410173	1.0510445536256336
7.726628315855143	1.1811647868520685
7.74764875270788	1.2438637266049053
7.76698132916243	1.137938002182248
7.765273517234215	1.2750349280798474
7.7953269184232425	1.2772060940867174
7.8286373837013254	1.3083763052184287
7.862728034942803	1.2812628762529465
7.869581488439463	1.329908067056153
7.901752857327777	1.405194060081835
7.939057218419995	1.37644012490662
7.962204357476221	1.3575946081788761
7.973415467049971	1.4035589054327118
8.007572090807372	1.329003150196964
8.044708495852305	1.2949794742359575
8.051435674114073	1.4854122642660366
8.080055795841421	1.4289180896515892
8.113390774451696	1.5661351515974065
8.150079101184478	1.374085983719942
8.15706522018226	1.256982660392082
8.188316278017938	1.329908760826013
8.226129310002284	1.4173317040700888
8.247450097982037	1.3508401575318174
8.260731834794633	1.4902671545092239
8.293848736509071	1.6106056061188474
8.33060167756863	1.7066544044791685
8.34510250572653	1.572750286902067
8.370779583907545	1.0686855137634208
8.40158862412169	1.338655880028494
8.440421026449906	1.3413465896269472
8.44627834297141	1.2845641907086505
8.476439177752711	1.4937539782582863
8.51170068096519	1.6137777257985313
8.53872942828626	1.2884731231040443
8.555796862205296	1.364805159547281
8.585196147184513	1.4726608881602359
8.62114660196861	1.420127535689712
8.62950316048495	1.5437809202984387
8.657283639371338	1.427629057313646
8.695177657046155	1.5381802539389187
8.727596625127697	1.2575871722552832
8.732583274745618	1.1316476623856122
8.768441572926962	1.1452373852200712
8.798615138579587	1.330145982453477
8.826677944750593	1.460782208334919
8.841115517446084	1.3283435339417005
8.875314783221492	1.5329341383999358
8.909520568539623	1.6378099533592667
8.921808373847636	1.647476802201787
8.945259622370651	1.6525322581330106
8.980829894399962	1.71948698078597
9.016429089255576	1.5721469295566415
9.021041741035077	1.5346313218998036
9.050972785988865	1.4746365302264273
9.091228341010206	1.727743541148223
9.111896960395521	1.5992377395064146
9.125500830025787	1.6331116167858464
9.157260366773379	1.6781908172849906
9.195183272347865	1.6357663827505704
9.20597603490851	1.7623241342418652
9.230126930132782	1.673557607694885
9.263097710432513	1.7193021017110264
9.297126286986298	1.7541465736120903
9.304730426454569	1.869938338265464
9.33546650922571	1.9863809782035105
9.36886934422255	1.9061061867603668
9.397332461531029	2.1064122407012102
9.411090092315755	2.125143640231429
9.44530298432983	2.244967198096305
9.474447003952635	2.1532047296936203
9.494715318504529	2.47948320785269
9.518465040259644	2.390714809186279
9.547655902454093	2.737610745247002
9.581684405494192	2.8125146749757604
9.586918493642425	2.959788743925339
9.620124012894472	2.9759577680407445
9.652028094710705	3.0328964743669777
9.682274264305148	3.2124687606840525
9.695283553744094	2.994781179460216
9.733027283646914	2.9133948283636606
9.767151360094774	2.737166642507419
9.7793601693961	2.7143541444422854
9.806138175116795	2.571866817411324
9.838030435912433	2.6966594462683333
9.879313027538144	2.862044888390317
9.875299752845361	2.580219737640344
9.909041452569847	2.855716438915121
9.94924392359614	3.0236033529912065
9.970744790652363	3.098061564714686
9.985941438860275	2.791855911287855
10.020037680164757	3.0289012841353693
10.054784885263075	3.001470741441854
10.069422024390532	3.16447150061559
10.091931163419037	3.1329288965973254
10.125754619865054	3.4411015146711765
10.156044658504047	3.443131911596531
10.163456214323077	3.6223912785804377
10.19875330483331	3.8406965983103487
10.23847033904021	3.9101368891702433
10.256981160871366	3.8093063959346156
10.270137256505965	4.051107222209795
10.305853080116748	4.143512259194705
10.339082968721208	4.16640740325603
10.348700972803302	4.304406841650084
10.37591609276807	4.1513410071691315
10.409984306811523	4.3927553347866635
10.443054240108602	4.709974158366656
10.44360671533459	4.855544219980798
10.477430697036691	4.973161152784777
10.511656720841764	5.147814992125444
10.538309029796995	5.046682867880687
10.557703066590294	5.049181064287798
10.586077657066784	5.225412184102049
10.62481540371705	5.287571196139819
10.631562362702264	5.15084142807914
10.65878837081853	5.384030465289537
10.693655758212266	5.6967678533515125
10.725215174258066	5.712916268265395
10.734085432733028	5.840725911575511
10.763056010098817	5.957146380005868
10.796873741708207	6.201220266425705
10.819482946404475	6.285622781974876
10.836763449705664	6.343355854787235
10.86401191002757	6.635862429243909
10.905839987644608	6.928915032353635
10.913154073961444	6.917123788714096
10.93990373751335	7.0454522739020184
10.970978252951104	7.246385593768564
11.007052714632488	7.224775382977487
11.0129117833688	7.605359570513312
11.046861222749172	7.610401143103449
11.082276865025309	7.987817966725491
11.101579454562675	8.154673538949854
11.11656561877945	7.8182890529809175
11.147837202003652	7.898972300103268
11.18368477871957	8.254570424500336
11.195197987572039	8.728428680501999
11.220489603912975	8.801710790791574
11.251471761487048	9.20181459574216
11.285866540850112	9.431397374869007
11.286072599969836	9.771708253990752
11.326197965398997	9.132835492366562
11.3577482097716	9.343737368876122
11.382235008249992	9.635435714689446
11.39683968006528	9.74849326348957
11.429883965962254	10.141576861570302
11.458346384224413	10.575260830241081
11.472031727259344	10.902298623620595
11.502165221330134	11.108151984545444
11.52914099323706	11.538025409037624
11.564325937830445	11.947397921020123
11.568240433841623	11.883793341510508
11.60020874223108	11.863239374142676
11.629201074247904	12.191597231497392
11.6606751844152	12.570418557770886
11.670572692041608	12.559030436785742
11.702152655608414	12.971985756371506
11.741952439411675	12.734805781579839
11.75242022469491	13.386314652890478
11.770548549125095	13.073532588168089
11.806337711950187	13.444745284814168
11.842379390262291	13.791636608099681
11.842743448343601	14.10342082787376
11.879066748708906	14.24285817579149
11.906167858397536	15.034717118113923
11.934168369034198	15.419677944847754
11.941448699278123	15.668119748030815
11.97757851728158	16.029859909649698
12.005324286993508	16.684665212547245
12.019254517169314	17.172787879921188
12.040784638601634	17.583767083452916
12.07713109548832	18.095871492066603
12.106812429622988	18.710650177341698
12.108933425950093	18.594614417536878
12.143511714888003	18.8799436965627
12.176447697930803	19.81540816669473
12.201786104429205	20.19798903182246
12.210165091468115	20.286638395998892
12.244635925431705	20.8944372348628
12.265946422918393	21.434638899002437
12.289521350497544	22.242570071305483
12.305494123734704	22.08638824365585
12.339792158158284	22.67649652048507
12.370853621437199	23.150257693722487
12.380333107320002	23.797229180418405
12.406953971898204	24.222848349892992
12.43594759545072	25.261741963306307
12.46033540193155	26.021521625610585
12.472806631599969	26.317834118230923
12.505291171620893	26.855405748506925
12.53539316301095	27.496584164218955
12.544954832162528	28.21553758353339
12.56475100292966	28.391851034234648
12.594554605244705	29.390021927301298
12.621038373108837	30.19335203380153
12.629661545449272	30.954273794872925
12.66346638385567	31.23091741158404
12.69144406481258	32.36315312262873
12.718394499675883	32.73961226581084
12.726039287018928	32.94763391174396
12.757263507100165	33.576621453843295
12.786961623212115	34.09137015037861
12.804207733579425	34.88848237101664
12.823595549843299	35.4088628979474
12.850685755315832	36.26401424452774
12.881022202219583	37.625624651405936
12.88520306984646	38.20433185599694
12.912783177914807	39.05385959679684
12.941977546307072	40.31625306024783
12.964412785869387	41.920601986914086
12.96690597458591	41.84924374810115
12.965662923940787	41.8328364193359
12.96687801346605	41.690221441299215
12.96690981248312	41.51569880390084
12.96490951063313	41.33351236893133
12.967419841387871	41.456771355968314
12.967460443968987	41.28299162427964
12.967327020439392	41.34503938158254
12.964480959349201	41.23985554339869
12.967846876509949	41.2891227836139
