5.080075864978671	-0.09815115228769486
5.085225202521533	-0.09255231303199236
5.082528101471112	-0.14070362443237774
5.084181886856991	-0.02137579160998535
5.084384845296823	-0.03144407369790854
5.0812493022216625	0.04239312397248718
5.08302065700728	0.12697438066034653
5.083658850967796	0.034810926669762265
5.084404123404086	0.16397396668389658
5.0858220797973495	0.15087057651908375
5.085257249781726	0.1512284505502002
5.086871441324654	0.12821978773405684
5.082950209631571	0.0005693725500144037
5.086637578618202	0.10543966647823601
5.086306089181459	0.0993864662217846
5.084539780255282	-0.033034064236100266
5.08639636755977	0.1177972805267072
5.086877019094969	0.045097775390333446
5.082971507394086	0.07396999303019018
5.0850495845538966	-0.032424195516332535
5.08392224485263	0.15245533487845153
5.085019601444202	0.17041773818593922
5.081780916082607	0.2696350311460462
5.086056103741685	0.17053004681547468
5.0871579377278096	0.1322708635108112
5.085170833704382	0.1991585261575713
5.0853901097935115	0.17684683195394887
5.084128211178481	0.14467050094717573
5.084078203497739	0.11653250894993761
5.0848738353942835	0.12981402849746035
5.087756128427998	0.2605058115749639
5.087618498169263	0.17213771811595435
5.084572531135095	-0.02490872435191807
5.08499991473774	0.1119667062509599
5.08223085152413	0.12518680863031523
5.085541288486501	0.2250681611503443
5.086459324362293	0.1494154816275788
5.086884852549002	0.15244555060508855
5.0854080613805355	0.044291424162368885
5.082974733071987	0.03669589937080836
5.08503665876291	0.19090388293033875
5.082422804362411	0.13518263678379971
5.082838514315807	0.23484783497782058
5.084049430010925	0.19757304490060523
5.08533021567005	0.11223862166721715
5.082925147731398	0.15480159568690902
5.084868532943501	0.18700111767233193
5.083987569351075	0.14931075945086725
5.085238225832834	0.19862960872900134
5.083736838762475	0.2287994010791644
5.085928028522087	0.2719094920702746
5.08426076751091	0.13945598900835277
5.084063078478273	0.21174356961621255
5.083121531817417	0.20605979121662532
5.087177240430517	0.14454839215641835
5.086650019169019	0.14243814285013867
5.08466960932366	0.20727727522811457
5.088129411515936	0.18883429330402834
5.082857402794687	0.14857687274924702
5.08690921330027	0.18712294312959818
5.086989538526648	0.1425425075500158
5.085037682123966	0.0958521139415756
5.084030965333579	0.20991941828860938
5.087233888913271	0.1502643540630298
5.085525536086996	0.05243199520768254
5.084507132321047	0.13672403452711457
5.085748680468814	0.13606263883160555
5.0850245636446605	0.17833855100915622
5.0858074655162095	0.1619969450219203
5.084747089621292	0.16140299064123528
5.084575552122635	0.20288228025667604
5.084361406907025	0.18509072439637853
5.086692746798352	0.1805004464501221
5.08397412526538	0.0586794510240501
5.088596641038794	0.17234337851088333
5.084977244416775	0.14732596597770845
5.084348299623326	0.12477316821299625
5.084597951673539	0.09782596597561764
5.08498757248165	0.2557448688919008
5.08430874526046	0.2208284858915905
5.086179955154742	0.19105392522575187
5.088358285837241	0.1832893509630818
5.086890094057228	0.052737592885692755
5.086984782437426	0.15324143702971676
5.085378296694223	0.10353614734941381
5.085531388378335	0.24636581273305683
5.082433994174668	0.32517500211373074
5.086459279115669	0.31207408780699525
5.087255583927824	0.18341416068992372
5.083939295104473	0.0021459248300449685
5.0871925394338895	0.13305108980210575
5.083963820848579	0.06315579977912086
5.08600102073839	0.1293386558027649
5.0827327512851035	0.08408945785690293
5.082987203244187	0.1516932869461924
5.085958934521306	0.23083843570403065
5.086218126913726	0.2151122989069725
5.0835185182756675	0.20689265663381357
5.088274849905426	0.18155089874863425
5.085183808762594	0.21704181851756685
5.08855929033502	0.16257036169646163
5.084642049720692	0.18446825660417226
5.08102972503948	0.24029013115567147
5.085210996470149	0.19421191795052992
5.085660823511379	0.2192132148984046
5.088223080867586	0.041531125740108664
5.0861506390499205	0.13046853945393241
5.085578519869143	0.1904940926709267
5.083691974696258	0.08807706693163896
5.087336365009675	0.18336079866643065
5.085216456094653	0.12923535558946161
5.0829556517562615	0.09876999609647075
5.085671566087349	0.20223142880380124
5.086143985694889	0.35999049455940063
5.085135201039336	0.1914263472400494
5.0822821179633735	0.3390858424167787
5.086577399418161	0.30559519354395487
5.087670502085388	0.1826995327217721
5.086899469086001	0.17943641003189384
5.08487631495365	0.19163116028248312
5.086622356294521	0.2794128805176781
5.104750651280124	0.06652456084559831
5.138565012112412	0.21543119472323155
5.172083348571979	0.2605834264157038
5.181149039233764	0.33487603103758645
5.208208627519996	0.33935600752053474
5.2453262059100645	0.3545235060001945
5.276144015674696	0.27048647211875393
5.280087308901615	0.2922977914330688
5.315816101696722	0.32594131064026327
5.351742217427233	0.2618530835092138
5.3715476013105725	0.26272039380540096
5.384205402713606	0.33917540227974846
5.4208745262775455	0.27901849883382696
5.453117357154191	0.3199723398699819
5.469803940599997	0.3888400825916375
5.491316687226847	0.40333761917163813
5.525015601682911	0.4129715536655989
5.558899644108443	0.42348152353848917
5.565031110692768	0.2922331384375548
5.599995317194523	0.42534586850218814
5.63017876993826	0.5494272349692496
5.640757662567909	0.3389389909331107
5.661920597680204	0.39706840228395957
5.6687868909702335	0.4029348063304429
5.704674186671285	0.38653918691748307
5.738975220099109	0.3586934706282173
5.75656362938572	0.3081093042901447
5.774822017856902	0.33883862467782944
5.811294175533421	0.3937319253476135
5.840190315540296	0.39709883283050507
5.851989133110035	0.39463111198554435
5.885110745156856	0.5353346852191929
5.918315004635028	0.3833021547405796
5.948435790168517	0.3911123324554426
5.958948974621368	0.4023434178390383
5.986967441733739	0.4317176944812901
6.024485826083579	0.47421258902380753
6.0432122245870445	0.4130662320672457
6.066965792287313	0.34653054111186415
6.098702523535717	0.3808239346685887
6.13180000954819	0.3298455958368116
6.139369820322051	0.29656527044562725
6.170410025466854	0.3214114118553655
6.206755672103103	0.41835078828184513
6.234327380583748	0.28324250601531736
6.244520698764084	0.44647779912031815
6.281287936521167	0.38914507123504066
6.314829857881243	0.363979851298662
6.33065626504024	0.3957986313274585
6.35095632202213	0.5551823392652653
6.386833052967939	0.5014883998554404
6.422470364740345	0.3757073343107819
6.427661044777091	0.5073649297642641
6.456655044137939	0.4529370612851954
6.494068222665007	0.5709365340218773
6.522154054566872	0.4690636965919415
6.5293188715267085	0.47523577510775555
6.56675255135867	0.4439989038143065
6.60349813968989	0.5490736241803821
6.618000696404993	0.6644691721021571
6.640148061523114	0.4751937596637911
6.673974573102438	0.42811442861129306
6.705467620170154	0.3886914649076095
6.713119904718061	0.5541875236021042
6.744309657797627	0.458005810058714
6.775873882958464	0.46932252835605126
6.807187906741584	0.61869413367648
6.8182380757966605	0.48178856380447727
6.850704736105534	0.6390182619754942
6.884558957595548	0.4195910607795472
6.906546249788166	0.582358308140975
6.919894572945539	0.4847156106062231
6.957315799674477	0.6987143513018056
6.9904594424683655	0.5196065889194861
7.000065596760763	0.5413512321841996
7.02742038118369	0.6558348514048715
7.0622481013039256	0.7137165524931319
7.095574014150763	0.6172649254037559
7.100648092178323	0.6486776038044799
7.1344951932398	0.5560522895940762
7.173792328115754	0.5843460355721524
7.1932269302470235	0.5433221158365276
7.211648071555162	0.6758434759455914
7.247813379422503	0.526458050835533
7.281581577902751	0.5397182091562037
7.2902807220964725	0.6124759830166214
7.3167856935781845	0.6602538423398321
7.355551829760675	0.6976327323192681
7.385286893688505	0.688547768380312
7.394926899976879	0.7129207402118477
7.42791180964789	0.7245808322206961
7.459549257927751	0.7306360687711175
7.483606879873646	0.6395366378094091
7.501372082309546	0.685513679774395
7.534750746915446	0.6205548588562324
7.567333415072127	0.6336678399921206
7.577360319796741	0.5996826417784041
7.610387127238443	0.5632419881471248
7.647663777430623	0.7049351022746394
7.673558269170579	0.7061028202147936
7.682386648331681	0.6711869085543111
7.703873884406663	0.598112886854186
7.740400209358382	0.5286060232157841
7.770051156262113	0.6914595893168812
7.7865307280261415	0.6919196593550756
7.817476737672786	0.5911428432521495
7.852503292642945	0.7920054727366562
7.8633178776739605	0.6276203117014455
7.891909512683524	0.6006593955934995
7.925160816709596	0.7502423014989156
7.958212515915534	0.749334395074195
7.967292974891963	0.7939481104230951
7.99930346440088	0.7866041804757258
8.03467985633711	0.8006477664913421
8.05314469168389	0.8931429935576352
8.07227821503524	0.8615900306550937
8.103522010040223	0.7130592002578189
8.13960439888805	0.8269851609124155
8.152347787667692	0.7819265960945438
8.180478737263517	0.9620611272730897
8.213202683999807	0.9937114297937141
8.249580044139824	0.9741041272833896
8.253801724258302	0.9840107212750192
8.283161433267901	1.1098526214330025
8.320926717922273	1.1087257776589141
8.345032257756094	0.9684961339727449
8.357498520124228	1.0692515676650043
8.387671581062135	1.1368938639096795
8.42648385424761	1.182400961531902
8.43831238186927	1.1983069833201245
8.463834300176321	1.1588368856338034
8.500291010789995	1.2521497231243606
8.535670096410346	1.1770928356780104
8.537035722302068	1.134754245895452
8.574197954232133	0.9931661266862345
8.60637082059477	0.6818799780619004
8.63318651467058	0.6767607985749318
8.648598480311113	0.5412746527022906
8.681423341481969	0.6973390955513471
8.718245016036205	0.773418356152848
8.730289215594787	0.93478721239267
8.755069918521555	0.8961215540952389
8.787144984372327	0.8311421186796102
8.824665686171441	1.012803449306734
8.823959327336198	0.882662410928526
8.859524592498074	1.074908739196191
8.898839946872593	1.1789300309381106
8.91989683338962	1.0574968634539212
8.93190044994353	0.9700885449843478
8.965599885263398	1.0937322565347305
9.00293633033282	1.2410458783100826
9.013773504941526	1.088480302207451
9.04100742254288	1.132846384085082
9.073898562725027	1.269622475847583
9.112520265452387	1.2423892338870117
9.110574173106995	1.2682892673168078
9.146617444975268	1.3950767757896636
9.18074317606166	1.3698134033064024
9.205934879850096	1.493301853399584
9.212293523238312	1.4405288749388878
9.252177142375968	1.5576131513714084
9.284147250660547	1.6472401220113755
9.301407464060272	1.5632135900049395
9.322627628956628	1.8056812138478031
9.357350430654419	1.6255497755058717
9.390820316575754	1.514448718605475
9.398676403860879	1.6407642040739856
9.430435715217142	1.561373810319722
9.464713891085935	1.3638676446985825
9.492828942389146	1.5424749924719503
9.505307753517439	1.5593810835088109
9.542579681521516	1.6525859550513808
9.577938150053164	1.7518929111455501
9.584849268167693	1.6597424162027445
9.609647337992111	1.7893710843578494
9.64234788289882	1.9408699231061695
9.675898731200393	2.03318497390388
9.685614347362627	2.0451293394355607
9.714499487563033	1.7314447569207458
9.749508290579795	1.792719728746458
9.782723484127265	1.7153467647763767
9.780047930967417	1.4495247424107656
9.801515400377232	1.4642850906636484
9.840903068632683	1.4083456883208196
9.872777068490405	1.5015276336823962
9.892191071239955	1.568316815433181
9.924526677499504	1.542242264460693
9.961506609249872	1.6704840284164966
9.971400464122407	1.800651898741119
9.997594448198255	1.8376254205819789
10.026743414328733	2.0054904226520844
10.066160591538655	2.0958845226913234
10.069870729185224	2.0804487418192386
10.10447495435199	2.1840776007880507
10.137831004710721	2.1167899427471437
10.164926708727204	2.273650791024231
10.179792072845737	2.233725635919328
10.211695213488976	2.2516846921844524
10.247891186419489	2.3358639197588036
10.26205769316925	2.5386777796136593
10.283497818253613	2.1002299952052654
10.32463639693288	2.274188528862701
10.353549776080758	2.3357869748561333
10.355478965056077	2.3556536095981286
10.394325994278805	2.505328718047117
10.424301249441065	2.5772521621593167
10.451411286201386	2.7559124323920687
10.463374138455038	2.4829962186917194
10.50071156073793	2.609371193601463
10.535005743137896	2.468270670146709
10.546652319264847	2.5000662512529312
10.576599541282272	2.375624227731389
10.611279781600464	2.4923448946155693
10.644463628222374	2.6649448388869703
10.641162370034516	2.636080226235772
10.682121183050706	2.5791164912351547
10.71446124725964	2.488564304347731
10.740313401713252	2.5090434981536935
10.75139230142923	2.3574229239793065
10.784021976492456	2.5779417852848767
10.816290940700542	2.5623625767628044
10.83823260749939	2.66277585746075
10.859520529926693	2.459725528003771
10.887367466563797	2.7351982386109768
10.92729943624011	2.8977574132708384
10.93104648125294	2.690693789366566
10.962750641917637	2.796268860790158
10.99781047695135	2.881788544407115
11.026496030788545	3.0544395919780043
11.032073004966758	3.0914635048126713
11.067455030512873	3.199639061329641
11.09898161220605	3.4644176935501934
11.12215120545039	3.6731702922270233
11.137622565431275	3.573655311094883
11.173847521112119	3.668829480151821
11.206792539913177	3.7807667521597557
11.218815737247146	3.707119213161971
11.249961697657268	3.695407633897025
11.283230784742795	3.958665308105289
11.312474787418179	3.9876905549580948
11.321817187614432	3.798594852744454
11.358814784745068	3.8470218979432835
11.387863016472314	4.129789598595211
11.411360914098392	4.192180324469206
11.42255769258823	4.059273937977449
11.456517904134435	4.189083552962335
11.491652957937319	4.437207686342243
11.504464946311968	4.574769181190204
11.532271500020304	4.637792627821603
11.566528185947506	4.9259525725985895
11.593572992404617	4.965988720288701
11.606597176613525	4.821853756047133
11.640759276136682	4.986793927671868
11.677056079927457	4.99873205721876
11.693509674656635	5.035027940675955
11.709721710369019	4.948381776057696
11.746249125312156	5.27238224500396
11.78010120779341	5.721799730382455
11.786170580418979	5.871061455267836
11.824281293581034	5.257056905937951
11.85091392502843	5.370952512837326
11.882026746543156	5.8328639459850535
11.891520876688801	5.760112265118682
11.919620199203647	5.911666560439931
11.956068312314946	5.8992759578995955
11.978709854426835	6.069175069358174
12.000821811175825	5.626377784863501
12.035168668322708	5.698257423499582
12.06874505344639	5.620536714008696
12.076478758542805	5.766672359582702
12.11072013721047	5.396569366358581
12.146272939282149	5.550947643938213
12.17216140237308	5.715242238879369
12.176031681196092	5.870253311359763
12.210121805356556	6.029752979486754
12.24582200047195	6.1672451873802325
12.265410197024503	6.45304631729191
12.282892965290536	6.621844000255378
12.317289385777952	6.582841053296553
12.34878211715883	7.262636841453763
12.356357064091876	7.148828021985912
12.384753330695268	7.141985883595301
12.410871237313511	7.119452627897536
12.452279344385643	7.538992178253536
12.457850431840889	7.469723065837909
12.49472487459492	7.501376151381879
12.524834986504782	7.906284394678377
12.545136015417228	7.807114166853521
12.571107335409783	7.48641051345082
12.603403513160103	7.198388019840727
12.640680272266978	6.883556270331788
12.64976129312752	6.92765218445767
12.675930978485818	7.2186537072972055
12.710769169010078	7.308446687531205
12.741073532677696	7.505381144422684
12.744022055418975	7.664375109931584
12.77735008467197	7.970106142689025
12.813901334575581	8.019546491723341
12.834396215276016	8.091999708560522
12.853458750172914	8.136832091165184
12.883741869217797	8.568646516894269
12.914424899796536	8.813709899192363
12.928620910309526	9.113094788695298
12.95475011495803	9.060286157878306
12.990694396406477	9.315809823417238
13.017585314775328	9.844113281552497
13.024577695067277	9.84440873748031
13.058075225975387	9.932144581521703
13.0843039673325	10.162973667884877
13.117149633239746	10.488096521412698
13.122503921692262	10.327520008604901
13.157770591075748	10.701380938657474
13.19262017023392	11.23250378481174
13.206953116394201	11.576170073902176
13.232512567632954	11.441378960971202
13.265855385150676	11.71054809189901
13.294212133707076	11.996327757312745
13.303701846045184	12.292507840513434
13.333527435496622	12.374561103040664
13.364525023679903	13.05278721306499
13.385972814871312	13.272812674251515
13.403406636200561	13.408535064648271
13.43510467827696	13.85166443982637
13.480499485358829	12.772014325829483
13.494928552835189	11.637168721430685
13.520834922988973	11.8325819157925
13.554432199495466	12.091372710409871
13.584741529920654	12.555064407321836
13.594655156093388	12.70796051974565
13.621615709784624	13.107115334915306
13.657981441853075	13.709877568792997
13.673351631575994	14.101736268527926
13.690305380310052	14.364763751486459
13.722513988702236	14.40705265993294
13.753953044592654	14.83493763939219
13.767297333238789	15.391396870687322
13.788735735150347	15.63613703302342
13.825824176681106	16.308371802171575
13.850861217390928	16.946584775422014
13.86182435545715	17.067224087479595
13.893872479402873	17.099795557491515
13.923393272250317	17.716368233641294
13.9394359884518	18.28798052135187
13.942488343609567	18.67699379021833
13.954557361257537	17.848880095458433
13.989739615826151	18.552595299431378
14.022116301430286	19.308764384802412
14.033220235414303	19.820523386058582
14.053799502491634	19.919217674521803
14.083336962019933	20.57831692560562
14.118029014702719	21.365683133494034
14.118859699081439	21.592044858334578
14.152849930561226	21.785852788406626
14.18282150500828	22.00229270398226
14.211882563236683	22.549439285074488
14.22207618493682	22.790773845046274
14.251255203041692	23.541630573096963
14.27761592742827	24.082747920768487
14.293490301357226	24.93428103246741
14.316926619185823	25.507392636277864
14.341740550893055	26.396631332063393
14.37705934851787	27.13070016945459
14.380913799518543	27.69546211534318
14.409491542243076	27.80196430426137
14.440849616307117	28.72463489826401
14.464664186753266	29.746159371628583
14.479235658400048	29.543107045597417
14.507197220055131	30.255692711520442
14.537909513210094	31.55607991186658
14.5507154579763	32.19952177821655
14.56772606695291	32.37746211923212
14.598425066782399	33.64470965734945
14.624702869068022	34.24740585069201
14.634214639539186	34.674419894775276
14.665874612421591	34.89704937610381
14.69531884807247	35.8536725161212
14.721259250007806	37.107306804132485
14.727852806129965	36.890815088839545
14.760921426254628	36.59811577346554
14.790763065985407	37.48080267089766
14.806113958158777	38.43023741251851
14.811255002281063	38.41254059066735
14.810544792008889	38.25553649480265
14.813802545285492	37.843145750297815
14.814159651653503	37.593271831363765
14.81615641836172	37.34645553360336
14.817020963119445	37.25871617834503
14.817095856700563	37.101441072672095
14.815018893929429	37.103992932972055
14.816658606790943	37.02751720143309
14.817815702039978	36.86972775809052
