5.079943863212007	0.14418015551098512
5.085025077310174	0.17812327472929862
5.086608113895229	0.04943039619200396
5.084419988299052	0.11004269334952972
5.086070143538839	0.041168828506084054
5.085352273438032	0.0966245779315289
5.083505467885448	0.13310311351537474
5.086122918052787	-0.10574387637928241
5.086206084017613	0.0625759103678194
5.084167123310234	0.0002225077233396038
5.086725047659691	0.053265314994773195
5.085333841860217	0.035233738595795615
5.086218667096315	0.11389250702040848
5.087083906290967	0.15712911833121318
5.081622607364153	0.22741049657548562
5.0848802000853475	0.2536014737810447
5.085858862382919	0.047398174810807145
5.085136330330364	0.19568175569341603
5.085115420406188	0.08177128570165336
5.085112383800377	0.271327039417669
5.085014817146574	0.07020439981948555
5.08611501121392	0.06891883103487004
5.086118610683258	0.13943290816265327
5.084012794826675	0.08474479125201788
5.085081998805688	0.12652023586108194
5.085586709751681	0.29875726700198124
5.083995497617632	0.1417486881130108
5.086458573292175	0.15041642892237034
5.084455010100003	0.06366831191088164
5.08459392301002	0.2812115545808022
5.085510394885089	0.1491278070207897
5.085524914976435	0.15171594724746626
5.080134449889583	0.18275880394686567
5.086138130876339	0.23377445806422517
5.0853359267117195	0.33554432627792885
5.084460016081858	0.25584912394267434
5.083934470700752	0.3009620278873848
5.083675185041228	0.3110296612210524
5.084504434493914	0.22838084493529726
5.085466687240329	0.12926279284043707
5.083960885427432	-0.013653866516896181
5.081871620077758	0.13587575945230015
5.086757206615369	0.17367017256038517
5.083402990483789	0.03733161125966697
5.086188726719785	0.2395216157826052
5.086310947113379	0.08185178683683626
5.085937916397944	0.03920729221098923
5.08647495963649	0.10733101177678035
5.086538403477819	0.05332046175446284
5.083889769486968	0.1203844293280878
5.085343727664339	0.0503607150902666
5.086125203707963	0.137380734278131
5.0860114444702695	0.14065774030907593
5.084082586298349	0.00296871096640827
5.083497152561867	0.2555587865535374
5.086195011157191	0.17413604961116275
5.085327884349674	0.12811045434810198
5.086010932781781	0.13488843756278432
5.085866473224106	0.13410096111168796
5.085068063553219	0.2146250489553726
5.084600871982573	0.271228434066795
5.080107038727821	0.27974382884113996
5.086184874709453	0.20588737243727476
5.0821628606600555	0.1268302980275602
5.085987709528835	0.19968379094441074
5.084760191790151	0.12029737180296031
5.085512900988361	0.19050192430350463
5.083990890867206	0.22451686988581415
5.085777196859077	0.24808165544163174
5.084663394125933	0.10364834103389337
5.083272648235749	0.26653955871359325
5.087021190424508	0.30774759755489023
5.087162923980268	0.3312457494287336
5.087578663161327	0.0504782799532596
5.084529284893673	0.06281593355447539
5.0855531440625565	0.17719469819960756
5.086701505544026	0.0911083211205797
5.087351269421763	0.25293613789642505
5.120000473184923	0.13436490347054572
5.1523109236011475	-0.01789749785261999
5.180559416826764	0.17074453448216656
5.193043656561988	0.15800583159213993
5.227102801235123	0.32678608557392186
5.260811410752215	0.1415729074855037
5.277523535649728	0.2328495622219424
5.295691668870468	0.1917048974034844
5.331521024113876	0.19407506149628387
5.362172556736146	0.2737290798522125
5.371012179406398	0.27199523776494244
5.405300358088683	0.25520729944186615
5.437871540036465	0.1587868310925886
5.4676229810943635	0.25988556964897375
5.47509332691514	0.36667461386715045
5.516106524347796	0.25214973122785556
5.5474988968690315	0.2488198662889631
5.5647823947408455	0.35386388866286345
5.583126320000263	0.23522476276614626
5.617792376940841	0.2944646136763342
5.650644072990861	0.34175527973751535
5.661349421350657	0.26087434527761727
5.698026883317283	0.30256603438831453
5.736786830637623	0.18515691478420535
5.755834325462928	0.20275104280867676
5.763950883806864	0.2893240809064443
5.801796262194095	0.3695706051998831
5.835778014668989	0.27088063029050863
5.853514396302353	0.38871844670661826
5.876168876909892	0.10730201643352694
5.910227632212212	0.3684548326157659
5.943987524892469	0.2221115512562987
5.947541076652868	0.06508818341828067
5.984832711869901	0.12175464333119185
6.0192535961483635	0.20828368529853467
6.042163752788939	0.193316641291903
6.052801768254751	0.13178920873366784
6.091397270966789	0.1212230540942792
6.120970397632574	0.13107195662075274
6.1414942305374005	0.05720365581776695
6.162653045022344	0.14580411186726513
6.198074195984558	0.15091065256214573
6.234076781029428	0.2031546473948604
6.235044811196019	0.1879276409381295
6.271366095623073	-0.06662177841950927
6.3055028998360605	0.05365914325152406
6.333073985091463	0.08156029757789933
6.34387843585281	0.1537310838839441
6.37937632575686	0.14999256996353413
6.40933880912856	0.1203082285068266
6.425424159879476	0.20031536512798312
6.4515909161237985	0.2080505759786578
6.487198033167443	0.03625953028867127
6.513637511992693	0.22058875819624382
6.526848224115698	0.05478959886562718
6.561067234889162	0.16189374964561504
6.598607036550286	0.10995094360995059
6.619951248344625	0.05529292360081464
6.629295271732483	0.020301955044940815
6.668613651260996	0.04948044294885248
6.701358447266291	0.1630496072987891
6.716816156975321	0.1767733256907531
6.742638793250212	0.05765436790682626
6.7735909652348205	0.10171625023806562
6.806073303374626	-0.010149600546280264
6.811733415751739	-0.0009362547601133748
6.849724672982758	0.07123928995979688
6.885714726350354	-0.09750176867305041
6.908196725006711	0.09316125762234868
6.921063931105827	-0.008907853125637726
6.952359950066857	0.18862959833847534
6.975121377458102	0.228045356897959
7.003861627573766	0.13206250374570994
7.0282476317301334	0.2159713888018759
7.064297547180663	0.08475246244009166
7.10089574806101	0.12812172148833426
7.102675464368804	0.0961023916593551
7.133376725513852	0.005370693145467155
7.166754131557662	0.14849638906783505
7.194825298923563	0.11395994303927984
7.204834625380176	0.16348318168359854
7.243270011607551	0.07593897964923976
7.277098116013166	0.00814986899257174
7.293038005542517	-0.10296257420700596
7.3118714980723585	0.015139232231538166
7.3516855134043855	-0.09219801198046633
7.38479643002756	-0.02185535691078507
7.390429025295592	-0.05022780869594104
7.427301567086847	0.046261536171453135
7.459982045339684	-0.11681363379139675
7.487255447916283	-0.1493173632671399
7.4933798582950875	-0.24379333240246392
7.532877578464072	-0.1308379954972408
7.56702486428391	-0.04545132768646566
7.581127678067741	-0.19147313145253556
7.6032024515125585	-0.1583066505172879
7.638546080790087	-0.09908013216904284
7.674379500649977	-0.06466630069476685
7.6765161165488	-0.15950678233842536
7.7144143812947465	-0.12800079983588689
7.749594783870226	-0.14484458133648595
7.7759033689023624	-0.17811913943473806
7.784292734023179	-0.06599077619887343
7.816084817310344	-0.09745754216866402
7.8542201975899335	0.008294530599630125
7.866038557723897	-0.24242458537837078
7.891245744476839	-0.06417030291070122
7.922500106035873	-0.22134230167263005
7.955635903920159	-0.028907016446133384
7.965364963697924	-0.34971357816162973
8.000777933106788	-0.1333190356642616
8.030783170343495	-0.27280146803080074
8.062947103208582	-0.3039404197993045
8.068661031734116	-0.16579084113468343
8.102371315355596	-0.3806944536738575
8.137510317761398	-0.23315139797008638
8.159334261328755	-0.39102028855321486
8.174942282370528	-0.40874068533960944
8.209895228836901	-0.18115673396161067
8.24267014812931	-0.22593470329608153
8.254238671450281	-0.3563208569198568
8.281519191653794	-0.21463758796916477
8.318743046970862	-0.22958037651057392
8.348731163303228	-0.21365245330828264
8.359809883197487	-0.3315776767824223
8.392002015078125	-0.33125542068391856
8.426981930531618	-0.27343878302753877
8.444293170249578	-0.23790036915115448
8.461839537703346	-0.21215177879637273
8.49846203449342	-0.11803149911150886
8.533501335449476	-0.23562417909823852
8.539264379516863	-0.4243383767380185
8.569989997275544	-0.2265379917941156
8.604418346864282	-0.42396012917530473
8.636737341375174	-0.2492921337519761
8.646867785475196	-0.42988356269280903
8.67617849812971	-0.3351439001084225
8.712666478566263	-0.10265981251188419
8.735891223062461	-0.41004124167151235
8.751019974152022	-0.3355746305664146
8.780354041587378	-0.486127956327009
8.819939880754085	-0.25856416929045994
8.831665488156476	-0.35968446502396295
8.861130139068795	-0.4049688545782109
8.897156517074714	-0.3639421438752992
8.927316276703325	-0.23325037403767837
8.937122826505341	-0.38189502505910344
8.965858683025694	-0.3917700551702222
8.996291342089323	-0.4914714670915797
9.023521070403612	-0.4122626874571769
9.042643692113668	-0.22970801692434978
9.07261737441124	-0.2044528558163774
9.090629147504975	-0.30759227074309287
9.117138411758114	-0.3777823255720107
9.119053009914564	-0.39730878271019937
9.146504543156986	-0.36213943850979696
9.176606349543032	-0.33325567304419285
9.211003878221467	-0.4035072933279634
9.214606876468146	-0.2674708740958555
9.25125463015391	-0.29883744592883954
9.282452859803838	-0.3308184065775677
9.30830180527053	-0.2322576105563467
9.321150744423372	-0.26494629589835245
9.359039626641449	-0.25895909910545784
9.390721693299362	-0.33858435778804336
9.407425772383007	-0.3137212110728845
9.424653824720101	-0.3469072526109277
9.464595591525223	-0.2851767652666922
9.50259441331851	-0.3255918860650768
9.501496653956487	-0.3534840213833127
9.539095370429296	-0.1674884456628267
9.573284135473616	-0.3071821335987523
9.60010472906259	-0.29780485423217623
9.610768585749451	-0.2058926321635237
9.645067677287683	-0.08614018570897737
9.683600114296137	-0.004503598180194674
9.695577104042966	-0.11904123082659192
9.719200326760305	-0.2655655252152346
9.751697065305791	0.011922449131334384
9.790585343589804	-0.12577971682301228
9.790543531344689	-0.0309889853628281
9.82852672995986	0.014438275766329412
9.8573433744804	0.006052684802604466
9.885719705884545	0.14506591425981688
9.895850177668159	-0.20190004224489247
9.932579691881866	-0.05061150049844768
9.964725250275288	-0.19414417717710497
9.983628127786941	0.04503568455405737
10.00615259622077	-0.04623055039464687
10.044956187459928	-0.027780863793928783
10.077989222153322	-0.03254290803523807
10.08291612767558	-0.026329497253410074
10.119999604690669	-0.10028313704474026
10.155881352859957	-0.15130928244520192
10.176224524528466	-0.3000358459733111
10.1891853850098	-0.28132337417949066
10.226215298827293	-0.2461807957260833
10.260523043106668	-0.19560712861504204
10.271263084327993	-0.22313969254919094
10.291779791778055	0.0682244653833014
10.328012514270476	0.007423621703306919
10.35744027187672	-0.027953845510219275
10.369281681030907	0.15174385427235668
10.40548385585539	0.01711566074676649
10.44152313049244	0.1305484966718576
10.462734938568161	0.10410846932757363
10.479188857811856	-0.01923545685333341
10.513379350128782	0.0026895268545126705
10.55034400713564	0.03905164414921314
10.559662951892346	-0.027006439219261113
10.586893723668833	0.007093374011566272
10.623286882837855	-0.06228240154758749
10.658514244062738	0.02651053062158324
10.657042289611985	0.1314317186591507
10.694679510589095	0.03726458567716125
10.729963805389184	0.01361093138025348
10.753392408380972	-0.0889871788835768
10.767930170913532	-0.16844740772346206
10.799501605607219	-0.17761290722129533
10.834885846899462	0.022122425685136622
10.849123010411994	-0.07442825691112767
10.871270525961913	-0.11785487642745784
10.90584943858799	-0.14450302678486512
10.944631223074206	0.07262683761741515
10.944679967442617	0.012391877118669084
10.981432162514569	0.024171978072871404
11.01426408985856	0.1203354576497199
11.043650084353414	0.3104085783205836
11.057813071239062	0.0926996649976345
11.087365261325319	-0.043160875631835766
11.121220686008803	0.010803144146495431
11.139928001787409	0.24328878080931787
11.15532961885773	0.08868857366682789
11.180299547011293	-0.004827398049029291
11.212381330358836	0.12703591340688827
11.236685961329718	-0.2021632325784085
11.240491675025561	-0.2744098595809036
11.26611143721207	-0.30066816423829323
11.302403634085648	-0.20382448303645834
11.332108845138746	0.01038008752455441
11.339764217581257	0.007951535548764233
11.371794893316086	0.1562915236279015
11.409659320920404	0.2184545314622787
11.429870202079984	0.31244444331751664
11.447417274773885	0.19320417378377314
11.482048902318386	0.1064528024091007
11.515201996644798	0.263002987429032
11.522963624594134	0.25303183576904437
11.55339402235149	0.22972412372090542
11.586666081479242	0.36783200205077293
11.619192320753722	0.4959878153356432
11.626851167498192	0.46949168796011304
11.658708176138665	0.6485929204322545
11.69637106112917	0.8563299830294047
11.716738644356283	0.6934727018172074
11.732163124021023	0.4792920742601839
11.771800877668174	0.6477981832294495
11.803012674387556	0.5014838071820322
11.81297886304677	0.5797328462506964
11.843661712734137	0.3101866487577134
11.881544845226243	0.402570271556231
11.909372375115653	0.5760936023232754
11.91585458955214	0.354601286581393
11.951750969822406	0.536103550609012
11.984676331685801	0.8101720577860931
12.004827225713633	0.9066691188571613
12.024810410448296	0.8511994754987423
12.051984996541474	0.6844635309111232
12.09040382313474	0.8220441732775305
12.100337363215301	0.8498844823986752
12.133877490419694	1.0497841116583024
12.166817166069654	1.06114754291001
12.196887075247876	1.1611752305582783
12.2066938113772	1.023508981757892
12.240271216165619	0.9335569163885519
12.273666290179005	1.140813866412979
12.295740152949858	0.9366516595453905
12.311349087458686	0.9851986368982547
12.347868614997461	1.2773998255150547
12.379577813458711	1.2427424887649505
12.38815289693021	1.276601902796456
12.417870645299246	1.4025203586045571
12.452892663394147	1.6669345948277547
12.481817074701976	1.7565107507976794
12.487619226798866	1.788594267578297
12.520402033219202	2.0899750985356933
12.55785676357584	2.108203938595948
12.5789134285606	1.9086430040732687
12.596750973933064	1.8353434886338305
12.637123012250001	1.8520114868589448
12.663549366933317	1.830303711371783
12.671133117113937	2.0029795095795073
12.709693197451733	2.1907371256895822
12.74083184218944	2.120845849999045
12.770345028400884	2.24396423212909
12.777850211169206	2.248691063578193
12.81523027464805	2.3830473814071778
12.843875614562942	2.4063898772753087
12.866704822570437	2.695485026467314
12.883711751276842	2.804395023112989
12.913123684404212	3.0126620861611175
12.945694129513544	3.328688165774572
12.957490543179757	3.5121902955578745
12.984314381315233	3.6504269423395375
13.022517977151244	3.991202935894793
13.051513184999623	4.085233751043839
13.059346883707274	4.053561822498722
13.093611949553782	4.282332800861888
13.125344673033135	4.8159088437097495
13.14530551916389	4.5400971073685215
13.167549307328091	4.00610945510136
13.200903080136307	4.260444557828705
13.23194316450587	4.479523918176697
13.243495732047727	4.542605416398071
13.27601836792465	4.399226425630592
13.307542551268222	4.666659183005531
13.336589901940453	4.832022008759769
13.347537738136388	5.073317778523101
13.378590755150285	5.4001511163370335
13.411145255303328	5.707476776462484
13.430835373349183	5.432128698167675
13.448772046916506	5.5745366309176605
13.483181346239093	5.873777380464948
13.51328288835577	5.876182987723888
13.522093155120967	6.131828812365148
13.555489042596601	6.3307849305073285
13.58739548551457	6.84377512964558
13.61696705534987	6.949361505281097
13.624801345051337	6.719028175736144
13.652609110182375	7.355469843327066
13.685589378090429	7.564877607010591
13.703964196370828	8.141333983867986
13.725084103203171	8.12371026205755
13.762812583550483	8.214970968031198
13.791865358911014	8.654150835869162
13.799098473876748	8.894965124055911
13.830053239621707	9.3988978876195
13.865943059015716	9.321891398308338
13.891931460071437	9.538085528700329
13.903447845945161	9.641940985614694
13.941893324522622	9.663894067001713
13.97477225597587	9.72953455387591
13.988849596634841	9.819511764430562
14.01291226176942	9.844410825651769
14.042595346330598	10.352468495874312
14.075860517216421	10.968841435152722
14.083453892350564	11.155890924077074
14.115884679005967	10.867428609505472
14.146130719567735	11.394025134291219
14.170801720396698	11.587884975295603
14.18035322870893	11.77018120331688
14.210362421362598	12.21630076894562
14.246355518937522	13.226606308491037
14.257259588513177	14.015651304386298
14.273743277514965	14.296004966621956
14.310043079555525	14.637008055942312
14.350590516863397	14.885712662854267
14.352065315407538	13.961349328656466
14.386466531827695	14.099893924519348
14.413315376891303	14.646906735132006
14.441229240251358	15.382673431257025
14.458772594492027	15.218569360876835
14.48866166432972	15.22381947750845
14.518833006925904	16.141934010717762
14.534804964814745	16.59257051858211
14.56002776219225	16.026933768623678
14.585524546983406	17.00682806802093
14.620826222565944	17.908239104231477
14.62417731492638	17.78137972702695
14.657849962490554	17.97712830615511
14.685611585687385	18.662707100337254
14.714650142907628	19.379036327224163
14.727715696885463	18.91052264117767
14.754750975774021	19.59014487300765
14.792952332837666	20.177942909453552
14.804554543625398	20.560189801186596
14.820556525717942	20.871644562365887
14.850024606120192	22.03784985121068
14.873721240697742	23.520082270915644
14.878701266696437	24.668981232363503
14.907679356056638	25.36146571107764
14.933715967689475	26.80938183752467
14.954113348243338	28.261984355522753
14.960841668029309	28.87966286375277
14.99102048077114	30.20013861781179
15.019365079260568	31.69668793443229
15.031453901815757	32.94150520725192
15.045373055365774	33.24497411865591
15.070204946178476	34.64144366457733
15.096539301532255	36.163021507288505
15.106852934947492	37.48342527610506
15.103011356913603	37.53524017957716
15.106383376537751	37.42447918906556
15.104641030994548	37.29749831740096
15.105039964879849	37.22902466508571
15.104156679162665	37.17348018461412
15.102623203229266	37.38321165813513
15.10386155038954	37.302808871449436
15.107360189496559	37.287090559423035
15.10398763198303	37.30687625346574
