5.081226820912853	0.1467466160350677
5.087113046253746	0.16572995729440898
5.08744695286296	0.04109501544111709
5.0858296850008635	0.02418825181820861
5.084043489884984	0.10803925740288277
5.0854614430905425	0.048406044279816346
5.085252806482961	0.11942097028471002
5.085430752687895	0.15373244952128928
5.084719965966469	0.0868051493135088
5.087054219363651	-0.024654252957835323
5.0869537044807895	0.16997137492173456
5.088402677181055	0.16901673965478753
5.081670386515359	0.0049268094693812265
5.08605123405164	-0.012626934264683094
5.083266289590695	0.08055803773409252
5.0866254609576185	0.09833542691983307
5.082778092094319	0.057086392105544205
5.085257740745762	0.07283369417918983
5.088414397453853	0.12610640142291804
5.086278163799879	0.1275614777785867
5.086093966744549	0.07843293063137548
5.087434004059425	-0.0015231291700525764
5.087469954575724	0.0629267533026316
5.086825631650813	0.09412301257969069
5.08311586021958	0.19457245934138986
5.084669648118936	0.15821855606995644
5.0855969154703935	0.17854222362105
5.082464391760075	0.1880511630298102
5.086227682167294	0.19857783104284196
5.083950453100863	0.19562821288896073
5.087556405004211	0.15683602103195257
5.0860335648922455	0.08178310290245236
5.084594352286162	0.0595022390898342
5.08617394666728	0.2053285533389137
5.083816137570146	0.12422393635566718
5.085790314847184	0.008636640507771177
5.087324066568328	0.22552575088186622
5.0886906682684305	0.19083830134240898
5.0854109350715415	0.182909796147306
5.087940480630257	0.08910461508032397
5.083348527808608	0.16727681781335263
5.085746304332584	0.20418289039546775
5.085758040011497	0.2403394055507222
5.082932552851453	0.2155473940776774
5.084738401182584	0.17613186589215427
5.084756065895801	0.18854422950383157
5.086858332723693	0.15005545604013062
5.086729432071621	0.10978910386043741
5.085081542223829	0.023143654195855075
5.085895666545001	0.05993945973835623
5.087337553560685	0.08626089480474351
5.087209384984318	0.04843908837921929
5.082136173893554	0.21530621372526834
5.086898400274514	0.15051410146694216
5.087620742690804	0.29684238468721413
5.086857655130604	0.2279626545757039
5.086116363108797	0.12348460541425484
5.085073964573462	0.10472833079229517
5.085204467073288	0.06660029911831765
5.0882655811711786	0.09647219675426233
5.0875600189751236	0.08060397483133165
5.0870398164685255	0.20878790433124053
5.087400287231111	0.06082130477784243
5.086227056768184	-0.049959328423828525
5.087250554903248	0.14960016824758876
5.084446338049528	0.08643531966825582
5.085125689037836	0.017078810786500764
5.086632268941047	0.0815819308277797
5.087371816247181	0.20232177861113898
5.087088237471562	0.12917344674501102
5.090229530215728	0.12371152641292697
5.086864201213565	0.047020638835229084
5.087368475965709	0.16411219985123982
5.08662898234158	0.02306459620789333
5.085101667374676	0.06583603482968362
5.085767295216327	0.09106390589130237
5.083385120104232	0.1742635516116018
5.08643715670212	0.10152601094002343
5.085887794327938	0.15169868701773873
5.08564708275202	0.17823954666117756
5.08382124424322	0.1729777762848157
5.086397238489992	0.14362780541934245
5.087091150723197	0.22502866213146117
5.087679321594852	0.24818379777062471
5.086665053291281	0.22351373091379115
5.086001365284124	0.18879626391213122
5.086419855258045	0.21973948519777717
5.089159161138985	0.19812969278699216
5.085187290917354	0.1742581020758561
5.08539172142712	0.08274868490446896
5.082735923226698	0.16329062805404918
5.0849065984788435	0.23005939920156368
5.0875887754708575	0.2933144325663337
5.083752086244303	0.17521492192345983
5.0862677915766845	0.2253582160533444
5.087250756194013	0.22892629825888489
5.088010302480123	0.15721969959457582
5.087394206496404	0.15842742051651473
5.086642613647893	0.23043783212263647
5.110430857186623	0.35594886496236605
5.141926172144489	0.16004815428532929
5.179714566288602	0.3933719549664238
5.184169106138404	0.21176751876351252
5.217555208552607	0.16860012291182278
5.251329587999262	0.1620911794108616
5.27657009921346	0.21345683247706926
5.287067644235377	0.22975658454691056
5.323066623725039	0.31342978115403725
5.35583536363475	0.3376543709714565
5.372226052705569	0.309241278042167
5.394016333029596	0.26168025622291796
5.428662177199223	0.3137129001590904
5.469984108535639	0.4025349203506955
5.4675284051252735	0.26183141331646076
5.500067773314781	0.3265067604007139
5.537494603018395	0.32109783931933356
5.5642103421560805	0.4701598087975088
5.571680069140797	0.477694088539377
5.605915999721166	0.39125381469001697
5.644270728109364	0.45993886291738584
5.662046136750849	0.46283471920331254
5.679721556395073	0.3791847506465084
5.713348410078522	0.4297515224266052
5.747348645801592	0.542189865741676
5.755533517811301	0.563618486244693
5.786018844785534	0.5210053727889729
5.825794714645932	0.517529776460494
5.852562892812536	0.4861706878092463
5.860922824882351	0.5651872243459151
5.891592939228294	0.5488961232154709
5.929759303448865	0.6125626600804829
5.9470832862123295	0.523010823127219
5.9659018507878105	0.529031715421749
5.999754226562251	0.6670187983572283
6.030291596085787	0.5867271234155872
6.043077956260397	0.46952162526446073
6.075974139210231	0.5243882714022658
6.107269032278555	0.5455118158786507
6.139160773486038	0.6332221704977727
6.147469606762929	0.577216084161422
6.183975781393155	0.5186693331700085
6.215850199325903	0.41471888274480634
6.236510999756202	0.5264194071130748
6.256151912112593	0.5678162916981926
6.290598149648298	0.49267236261457137
6.321888103726579	0.5164778651269005
6.3293227722624525	0.41603863425874305
6.3675028318093645	0.5473942491701853
6.4014302266962595	0.5393059359421406
6.426967312016199	0.7008765070918311
6.434886566622463	0.6600603396526107
6.4730411753260935	0.5851074197096534
6.505994718577561	0.464627616463665
6.521751616440692	0.5456184551903899
6.542780146124777	0.632902051316346
6.578617813028943	0.6657723137065328
6.613615804506344	0.7942178977135594
6.6163152154977904	0.5554734560068627
6.65169595864262	0.638594070218969
6.686912541922187	0.663699112240208
6.715423041165234	0.584250711911581
6.724635318984982	0.5974948340862489
6.759508816377631	0.5342951910950112
6.796584469968394	0.6848480110920857
6.810269936982227	0.7011215058264275
6.829434742906068	0.6867893062544108
6.865574945538361	0.6660500758550202
6.895921918349124	0.6356314690360474
6.906475438928448	0.5909507069208305
6.937793085827268	0.7362042664895062
6.972082092550526	0.4630468141812671
7.006719694413741	0.57178471088685
7.0123782817324205	0.43589545559964066
7.046887746741007	0.4640939114934851
7.084079251549722	0.6362239299579548
7.097602171354714	0.5066794436254309
7.117967883764081	0.2719255423035164
7.152099950662558	0.41116170225873505
7.187353781466731	0.41664666793076005
7.194430941992527	0.2916647617097487
7.230657269985294	0.42880854090446857
7.2621027211355464	0.48997812326337437
7.290265143436228	0.627865499289733
7.300938048077477	0.4737003149752276
7.33489989451469	0.5984636519156138
7.365616339153725	0.5281629593303646
7.386696600614602	0.43243527843863055
7.4075833704587435	0.573393420194137
7.4411448458135805	0.5357607428459248
7.471001127905302	0.5263320212388548
7.484210133635399	0.5539797668570998
7.51709131497595	0.6158432779514453
7.550304809100725	0.5982706726803949
7.580594795964483	0.5866676366223289
7.5914745065491935	0.49369878982181964
7.623376079667736	0.5084988100594041
7.657309938070213	0.6391437742634781
7.673525448555825	0.458557794858391
7.6957413678967495	0.609187858979487
7.726485485467661	0.5128510349135613
7.7596227963791105	0.49489641665713857
7.7682080376579155	0.6294329478263752
7.8055309709675065	0.706044205453175
7.83474381810206	0.5649668809210002
7.863669739511174	0.5919844690231303
7.877731755509094	0.6313012700508568
7.910145344670232	0.6658035042223509
7.9463691865354384	0.6806001456418533
7.960300109043931	0.5625669668116288
7.9866096079100934	0.7133909210718794
8.020627616656842	0.622314482490575
8.054532407111854	0.729271694403671
8.060502574719305	0.7932176139788183
8.091658534664303	0.8049759167900352
8.12182559312449	0.7320063101013414
8.153503657488782	0.8578450141516276
8.166732462418965	0.826080583841579
8.198751115489408	0.791819868963493
8.236587381581634	0.7223009358479631
8.248421944316993	0.7120509681448193
8.273150174054383	0.8265958668388764
8.30622209079659	0.9657681443597592
8.34123364463653	0.8990682417864304
8.342630225279137	0.8687000074254223
8.379193994151345	1.0161236420346342
8.415237054055991	0.890249778151684
8.438911944514672	1.0305231822983725
8.450481556315776	1.0024581738308849
8.48908434158528	0.9577034563785196
8.521781696586938	0.9306101255550717
8.53552425017125	0.9539025243548065
8.559313835529526	1.0097516545289635
8.593765914729229	1.174431495634859
8.629206527390984	1.2136022872354664
8.631957899927828	1.0458427355356237
8.667670098576783	1.1584435030844673
8.699293956339176	1.168255042661779
8.725027764574323	1.3016128138286314
8.735955145176652	1.306099722714202
8.774576039509673	1.2419425846413377
8.810924491483616	1.2463319235348596
8.822121497256084	1.3253386228386308
8.84591357166087	1.3485942306521388
8.880611237213435	1.0574163975897894
8.914348438449696	1.2798033163221907
8.917532668855069	1.3645053286114115
8.954873072391132	1.2774044772913
8.987778272538788	1.2353755948463638
9.01329366726373	1.3881963696892716
9.022606822190454	1.2781564602646813
9.05954351756875	1.3613720309159687
9.097475022562556	1.479984311626392
9.110628700881998	1.4535293338064927
9.13434689172809	1.4372233113281774
9.170885175918299	1.4329558137797835
9.204694460359999	1.6622532760810775
9.206404680313572	1.593485618929191
9.240452531402944	1.6420868215459068
9.276544458061487	1.6215357854880994
9.298882235028955	1.8623106188241936
9.31541489888482	1.6782689293945354
9.347716280532138	1.5748766062272657
9.381261270601364	1.6899554455614088
9.39144488564998	1.7672630918938679
9.417952098274313	1.7739364032433957
9.449947610479732	2.013045087364813
9.485321769729122	1.9671830602613989
9.489174714250357	2.117004352903959
9.523794511362311	2.1489187672539387
9.557280495898878	2.200146182704205
9.588801261214936	2.034870311204007
9.585737938639484	1.8677476852483479
9.59633800514566	1.8176581688742768
9.625132837203536	1.8797856143835525
9.663454904347047	2.1554802836813787
9.681840704036965	2.15056224714135
9.700610813208629	2.070404739875685
9.737210570752413	2.1840674678291365
9.770407604396754	2.3191699377871253
9.774723828523769	2.328734622398279
9.8042975745103	2.3536905992274533
9.834077464665809	2.5778862818957107
9.87197353101981	2.6535672179762644
9.882261961882667	2.2129654132091856
9.9145594421821	2.1568835206000725
9.953618338439147	2.4585895495579293
9.96884578532353	2.475836530504298
9.98440766266362	2.67075034561605
10.017363406496024	2.902040179899399
10.051002802349025	2.8413064597770425
10.065304217911867	2.929321374067363
10.091413953784526	2.6948393961056323
10.123658599429207	3.1363934820885118
10.160110364723792	2.9248971851544283
10.159605688888515	3.001906595183694
10.197783113535104	3.336645379612898
10.23121379043655	3.315287256189653
10.252555294110312	3.2619192111981143
10.272185002445477	3.2902163227543904
10.306092933764305	3.3348666198993695
10.33892148242997	3.4716060557224426
10.351436928437941	3.4211883650222634
10.372134147152723	3.5383738418226707
10.40773778077191	3.574833576773003
10.443564456123312	3.8286919060260547
10.44495633474256	3.8366315088908975
10.480874528993995	3.8936173280159676
10.511521433755675	4.012704962885248
10.535693904633217	4.301597986730995
10.549755667799756	4.338689475927306
10.585624333517693	4.415035231537062
10.624553704991726	4.36435427371204
10.63708885825496	4.264170617596836
10.663843449856167	4.314655077025797
10.691552768666801	4.65960186402573
10.729762422753796	4.598361922281842
10.731366179270104	4.472414910694594
10.76249286102213	4.464884158057488
10.79762831622614	4.829861592819131
10.822369317138937	4.817409506911191
10.842842757558277	4.125165708081959
10.877113287925734	3.5761468539842696
10.904870977579828	3.9365526446106482
10.923485129341593	4.2441071587576715
10.944312201098102	4.419168188044778
10.982538324223846	4.3199791172187725
11.019726326576341	4.194511079574324
11.024188903746461	4.056214260173495
11.05899656132576	4.06897246276286
11.090554535807795	4.264879014876163
11.115107955280603	4.437619185393898
11.125855419287738	4.685363752518763
11.156904700058003	4.668641198032737
11.193634948943185	4.923361618420205
11.207461240492215	5.070236978892233
11.23503902223815	5.0926211376222215
11.264844694293446	5.229481784571998
11.301751160439789	5.555925252854106
11.303208985530562	5.586984103331896
11.333013493876784	5.636772833401339
11.366522828914045	5.99871312644012
11.391294082487022	6.2873650414288145
11.40983053508349	5.895857675222955
11.446702424634791	5.882829551143702
11.475124043486382	6.16003047424003
11.492895709146325	6.477632550058444
11.519241625997987	6.493578513924977
11.547434247167155	6.532155329961088
11.58320836949715	7.033341281246967
11.59143272347621	7.210466074611987
11.622004710642065	7.410504958310547
11.648998415628137	7.471580902922591
11.67875983022247	7.4872728225666245
11.691873641535377	7.597208261372295
11.722911344740302	8.4106961806957
11.756551117465555	8.650783413960307
11.770605456914694	8.925956680787005
11.801758426961358	8.499318011211919
11.836764198228742	8.490884936732623
11.868640237589075	8.551904760129647
11.876426069873649	8.135001048001962
11.911874608404187	7.920621795723717
11.94788346289258	8.08263734079725
11.96272949750227	8.145383409236798
11.982626266177363	8.244014170094502
12.018273483706354	8.741597467192967
12.051513127903617	8.912953045194902
12.059384454973653	9.197737796970346
12.084392057357213	8.980737797282172
12.118111841429247	9.515915781209246
12.14816291193572	10.042755535881234
12.155016660151512	9.624091607819814
12.190007495430079	9.81781730498004
12.221183810191306	9.84161766776989
12.24329178269831	10.081428857422804
12.257440486013344	10.470292783059657
12.294762361978803	10.724444007647177
12.32736254699557	11.002747394597478
12.339035702171065	11.05973540624716
12.365512933122625	10.940589057793762
12.395283373272964	11.581367229202057
12.425641683501135	12.296507758230575
12.433289967970756	12.382252736988601
12.464554831959232	12.743706083027178
12.497111280586111	13.493078392493903
12.513919666217435	13.837497689324678
12.528768477341542	14.146991464987973
12.571496550801834	14.045731300485041
12.599603459371878	13.647056224523379
12.608235523166679	14.019011156941083
12.635804851186093	14.39286447670901
12.67486602087758	14.77868024504055
12.703319495551025	15.201207401422055
12.709589132985755	15.52915843160315
12.741668089237681	15.37329497547037
12.774795675735618	15.676313272760446
12.791875500369633	15.854292316601258
12.813034138411474	16.32077438500516
12.846379237149009	16.741082619122707
12.875989091781898	17.471836425539603
12.890686611053042	17.247920302995947
12.916069150237531	16.801499154021634
12.951608149720597	17.509130927154278
12.976926124502013	17.847300398229596
12.98756255677139	17.85252619849252
13.017140094422423	18.448208299143047
13.046104703750695	19.147417825372475
13.066534089545447	19.928181602947863
13.086747197629862	19.49033675485661
13.12328219706732	19.20572025551132
13.15120588357552	19.66618423053198
13.159664667049174	20.05275121127564
13.191941417222788	20.451263659109262
13.226836050029995	20.44436710744853
13.254364608287727	20.671488767136026
13.264282405146492	20.277454577248477
13.290464331033427	20.496229078703955
13.327848251768344	21.134126124519863
13.34796672750681	21.639351484597796
13.363459330526965	21.708573042002495
13.390451198549579	21.924619897234592
13.424434281847978	22.654225850831427
13.433930942378144	23.509993471586853
13.457002100438894	23.30682390639363
13.495045586445489	23.933866154886083
13.52113961483227	24.649505115189037
13.531434632945382	24.782447254660255
13.557665022599974	25.27334437653914
13.592966187328575	25.64623400231231
13.61174591434855	26.380180331068193
13.620346053783408	26.3568200911092
13.645618440685713	27.25748054777391
13.673138264196753	27.24640864814883
13.698283205050238	28.062107453127428
13.71315488654217	28.887546906054965
13.743898355093865	29.287425810413016
13.770932933947176	30.54528236588508
13.7833305767493	30.982976014515213
13.816080519487718	30.816538420093785
13.843783774046933	31.70403170478258
13.868311616446588	32.291116116843355
13.879194932919976	32.58157962115894
13.909253872505412	33.381892588751136
13.936532469043785	34.510629515136735
13.949797880328974	35.3188201414784
13.96766629630026	35.56140133173951
14.004700264137005	36.05834142738951
14.033172698271171	37.03446062312629
14.04019654944607	37.56120069472085
14.039571887900602	37.328740780502315
14.039947117847747	37.04790879572599
14.039625366856123	36.924384830971455
14.040457051938182	36.819025770883066
14.043499362059292	36.674647979247595
14.037793940095552	36.64885837173608
14.041495987590329	37.07630252135491
14.041156834474188	36.819714342761955
14.037222257535797	36.632868406443166
