5.080268377171599	0.18208172944492018
5.084476306025156	0.11702389538749239
5.086867786237539	0.10748470019863907
5.086457709517404	0.05799269973371439
5.086811433624634	0.06415552357147683
5.0821077023453665	0.03852982580851244
5.086094211811405	0.1502020141796895
5.085919185178739	0.19475589055444747
5.084731818888304	0.20327422193478875
5.085436401598715	0.18874764499593297
5.087106412986957	0.25100455802280386
5.0844436961036426	0.3181754085220085
5.084179886657537	0.0841779864376612
5.085869635022853	0.1874540528423631
5.085593128449718	0.14706246461160205
5.085973610035689	0.2216548519549859
5.084616411737757	0.11841652980806838
5.087188161324475	0.12736164086538512
5.0873027261563415	0.09013650829246568
5.084158935625354	0.3023643087492748
5.087370766600772	0.13298878434246117
5.087723048154668	0.1688296474527346
5.0853794771006235	0.16656284712467498
5.084782962523498	0.1971953018820796
5.084265093047504	0.2748079448018684
5.087274333121423	0.2279013333159825
5.087920534005871	0.16177393386528405
5.087944050642362	0.23717201309047117
5.086584596386727	0.23715865404876182
5.085603030038838	0.14389534431164705
5.08959947746763	0.2192618199366756
5.082051511696843	0.40645511517166005
5.08647922198241	0.31302033836084325
5.087034124643555	0.41280265920577297
5.084576823442186	0.3777598406210166
5.083027546675513	0.3278151897481973
5.085694335665025	0.3092408973148322
5.0873493137758015	0.30846246635164043
5.085998023852779	0.37469066367779935
5.08627487243089	0.37086150951998503
5.083472732174021	0.4283099884043176
5.084125399629897	0.36230325459715634
5.084899099806048	0.42947611491056326
5.0866572382872945	0.22172235152529315
5.0845411662873214	0.3598878921925738
5.083983518803761	0.36017460979776345
5.0859793529476	0.3502666229704666
5.084608624404778	0.2840611823548031
5.083817459188246	0.2632581463123964
5.0832673474756405	0.3361345733541718
5.0841927319302975	0.30906103615545694
5.086757441683725	0.32546571959215775
5.085425053067667	0.29907325785069333
5.088865398615425	0.28704490115073267
5.085493542049189	0.4144893990861197
5.082545908409422	0.3629625477992814
5.0823671190343145	0.3318101045902419
5.087442282198971	0.2700871851629949
5.083450334651969	0.37760001670021787
5.088686449924609	0.37490934417343963
5.085849683327451	0.25917595151519274
5.085314009850535	0.19801357959643928
5.084803713575635	0.36787282047206704
5.083296659210493	0.3089037145724995
5.0834767140940045	0.2660651894647431
5.084673113409986	0.2394153152746006
5.087027000564515	0.06689396559526946
5.0866246315329455	0.23939893753962146
5.084000354241644	0.27052775020590236
5.087962321023614	0.28644764739126233
5.084110770827163	0.2799801394274002
5.085482062718491	0.40373503951323836
5.088518698952942	0.335710248351462
5.084075433684557	0.17415475213228732
5.083848599774139	0.2873613740684455
5.085612394586731	0.4062136355978998
5.087846432642104	0.293213640568113
5.0887128308579115	0.3365691354342335
5.093075582137832	0.271749627210493
5.13046590779577	0.4714038155234388
5.171507348431529	0.2745653424860505
5.181801412981583	0.33474186214227525
5.20173492879468	0.403756832360269
5.238438795856421	0.3430793023003636
5.270238686324671	0.28872390629156897
5.277937027442428	0.22446119339354548
5.312534301757307	0.291319203998868
5.343142089799171	0.3987587104173671
5.372641025170999	0.31040657631304047
5.38190991097685	0.4939203439533063
5.41910413455793	0.48667614209887117
5.452364182333405	0.40682572332201977
5.471216259451145	0.4949772784984196
5.485739087717793	0.4331115139760298
5.522333557075816	0.4829259823775829
5.558247698603985	0.4513940841285213
5.565552653011839	0.48990524093802246
5.598562683165476	0.4605394669484813
5.63398273152084	0.3275814104902525
5.657847023811053	0.4177942168148001
5.672576281509551	0.554336110939059
5.707000029725748	0.44162733772257484
5.736193277868155	0.3262667113155791
5.756080574058402	0.5447184323731558
5.77689364661865	0.4638955203754835
5.8147345682638125	0.2718830984686389
5.851971580547758	0.3065463269665672
5.853153461312862	0.41562269333108753
5.881000693721985	0.36918427322748526
5.903359244389174	0.29449132632653235
5.93765491058884	0.37173383243578767
5.955874473915259	0.33739734835661966
5.993548393054214	0.5695693242528281
6.025226595339941	0.45480911858525985
6.04222867043778	0.36785401983854205
6.065620071222659	0.5017871804224715
6.096194495888865	0.4312888666991073
6.130324953394416	0.45252661840421904
6.136617192475791	0.5054984281283182
6.167772446370035	0.4437947303628652
6.203780659512772	0.49599679713484207
6.236587487346485	0.5333731794804837
6.242684484044265	0.4567216514262669
6.278218375914717	0.40131849875909237
6.308704441719783	0.5708985263950807
6.329777219425084	0.5059861006741017
6.35050153388266	0.42547172560841245
6.384590676974334	0.6505539322907231
6.4214539455999216	0.6043855422440746
6.4290300884367255	0.452734847336403
6.458324602846602	0.3366940457841856
6.490924781565404	0.5289436416549141
6.521152312322618	0.5806815446169441
6.534906661925305	0.4653606696339605
6.5672332325023515	0.6545984251977692
6.6007828368924795	0.7176132659053812
6.6177850994364835	0.5486005831336972
6.637712889517273	0.5638134679314709
6.677734703153792	0.473246047234945
6.7080950805729085	0.3908974373469402
6.715534452785645	0.4322449742410183
6.747279455498575	0.3981716540156024
6.780889581429538	0.5203581867169346
6.810637873461058	0.4627868443685261
6.820462937433568	0.6013804648692705
6.850804052200054	0.48369720554859685
6.887481481178549	0.49679016268579324
6.906831913934639	0.4275279032334816
6.927375897525362	0.46100980319177487
6.9610112638930275	0.4679411810401874
6.99707530931062	0.448354267949319
7.002438441680109	0.5114570188305125
7.036033060170974	0.341200438481224
7.069969074694031	0.3457297017517504
7.099655514034524	0.3983326615819212
7.109327693295874	0.23184172102485168
7.144033798463413	0.41148076018285185
7.175217812504245	0.425298036882381
7.193843915291257	0.37327003484910565
7.215498837584201	0.44843685569002634
7.248826771106355	0.39620399295073977
7.284428234664512	0.24084233896666893
7.2922941346417876	0.3438576776560466
7.323023069620849	0.1969080573295568
7.358478564151408	0.5094979954651644
7.388224537868021	0.42426150764458537
7.395280003278613	0.4530843855373323
7.426116170958684	0.49900905847003435
7.461193447380726	0.4285627298223556
7.480782498160243	0.5296339241266391
7.502056283378229	0.3371464896499101
7.537058326152561	0.364762001449577
7.57240864735971	0.4199621125706346
7.579526842973404	0.3845639461243931
7.607143860703021	0.3412134453420521
7.647921160098068	0.5101995980366539
7.673715836885634	0.5136668823667323
7.685182478538346	0.6208837019010676
7.716402036901748	0.6371807821625651
7.750033619825492	0.6149110107237283
7.768749457007361	0.42780018142252907
7.786335548109683	0.45268688983305716
7.821803569682006	0.5157132465906988
7.855003555846601	0.5166088584602823
7.867555013722402	0.4393021177358071
7.892750263245089	0.5492938816507154
7.933355584002149	0.47492797574189566
7.96196584773465	0.5696711442472375
7.9693405288331025	0.5740051377828276
7.987252058250261	0.6233075272387119
8.010428026000719	0.49293166100384284
8.049466075992507	0.3340475070826109
8.058811053304934	0.3860780379334971
8.07058469772752	0.45605965464008047
8.10500994739178	0.3839239910950342
8.14694420349309	0.4332547324358657
8.156771162246207	0.2979079257374128
8.177544441358094	0.4700981300609523
8.21244191576185	0.3987938914338479
8.24576366431569	0.38526620804204337
8.247910739228121	0.46359205696657524
8.284006095934377	0.37938277485834787
8.318441054689144	0.5125849059073588
8.345215736789731	0.4833454774710606
8.358467728076574	0.5875193164942131
8.394028346529252	0.4948235581635742
8.425019725064185	0.5081437461127
8.440714882371966	0.5848950154997317
8.470123363680571	0.5734949521403928
8.50014960613467	0.3645929758102569
8.53642630262024	0.44970291153542247
8.538573685097731	0.3517998464101638
8.57558267068271	0.37239634822537915
8.607721276986863	0.3689920724973743
8.634570252782988	0.5464748113888662
8.645150846298028	0.5731370013179549
8.678909775498177	0.7526596010030002
8.712483943473387	0.7245371949957525
8.728416080353444	0.692993301412906
8.751310676553436	0.717488821599303
8.784491822185108	0.5893155051894196
8.821577620535967	0.7632692566011958
8.825582455163875	0.5702502487754149
8.859591199040278	0.644366617317825
8.890893692195661	0.6415812187258202
8.922686702823285	0.6724766387387355
8.929448309027395	0.547706451483005
8.966566042283388	0.8439079779978316
9.000267064703149	0.839640877645919
9.018538738102036	0.9970112072036794
9.036040863259819	0.8559265504244282
9.078353650661768	0.8269790481631974
9.107425461515907	0.8294402338020219
9.115704368081115	0.8999865712281525
9.142853863929314	0.850068529871707
9.180389566867804	0.8448807545521402
9.212006733540417	0.8752221490228114
9.218806448252218	0.7862365686154925
9.25535453897344	0.8282567974730515
9.289669862132262	0.9518993333218458
9.305458943748775	1.1194583590532958
9.324303493988536	1.1652566043454817
9.356504660783232	1.028931100217146
9.395528194749982	1.0211644393489534
9.397199388154025	0.9224955661647277
9.43465765500487	1.1048513127549746
9.470760926552472	1.189203953665797
9.496698286016281	1.2481486505174966
9.503602461540774	1.174042503164583
9.540897977501878	1.245783255430469
9.57494245663531	1.036532900713134
9.592326013513107	0.963109033646803
9.614135275917084	1.0408626998538664
9.647969279119687	1.1648838804618544
9.681934869737729	1.4141940504837158
9.688731235888874	1.290495907127312
9.721316483553997	1.3459226850412924
9.758084234584413	1.3720109869560175
9.781599581342292	1.6763117601940682
9.790393996929458	1.3603644472911631
9.824227240622076	1.3247617829116975
9.862038673013673	1.6089552838905326
9.877130085429085	1.610083213335006
9.898708652367745	1.6396185425591752
9.930325979076317	1.5061102762929133
9.967429283990315	1.5071772996286974
9.978113339406157	1.2426273916788417
10.004934856224343	1.4339586957608093
10.042669949855622	1.1975724545888482
10.0732186194125	1.4092260360342217
10.078746416052173	1.43760686601719
10.112409232725922	1.7103513001826054
10.1468335583091	1.8436931146427447
10.166937030709848	1.6794835091570344
10.186394188527048	1.508106919461151
10.22679132188294	1.4772598435561621
10.257104492345215	1.478810625728378
10.262711854507904	1.4376893054712108
10.2953940731142	1.5950414540219606
10.331927226364227	1.761012427311209
10.358926847966918	1.8061742949903523
10.370334154683741	1.736909554384014
10.406495751426265	1.7789746267244968
10.441124202811148	1.635476090407541
10.456670861260179	1.633084901380909
10.482093692387034	1.8933328165918175
10.512232720217611	1.953166672194245
10.551237301661374	1.9200157851929165
10.552069505245392	1.981201710863111
10.584541934909693	2.179225608859851
10.620400601137375	2.3164132306023655
10.646579268842475	2.122158279720543
10.65716738131927	2.2192001169517526
10.694215268206387	2.338084667907296
10.726252882051934	2.44947623696329
10.745854394971536	2.370352372640975
10.76703471092501	1.785146056486059
10.803782314164428	1.689095372766429
10.838719011087063	1.606009574150042
10.843208887766787	1.6455299860388537
10.877885891149287	1.6749767166155385
10.908960512194474	1.584828438831613
10.937156874540491	1.8116041880460378
10.94953219671274	1.7975377897124105
10.983144401260164	1.944489867361143
11.020064279863771	1.8628482433809601
11.034524578774613	1.9768644947400524
11.055834745968221	1.896719986391285
11.091039518838677	1.614218365015294
11.126283608493626	1.8425756288178035
11.128079685809364	2.101465725203854
11.160035762132402	2.26394186196699
11.19985511539175	2.2653218072839216
11.222262640383818	2.3965624364615365
11.231823644614593	2.4748756492419544
11.269587499416264	2.4979400784443
11.306458138149084	2.463738895375071
11.322938682354788	2.321936443647716
11.341654928253481	2.3079221257169387
11.376926313303223	2.56434887571529
11.411537945877779	2.6155566776032306
11.416399383147969	2.738223651226378
11.450433051999717	2.6693109617507136
11.481450066952148	2.8407807734611517
11.510406606222048	3.184377574350875
11.518938470030372	3.3113634665791
11.555859982271587	3.2968437717313086
11.58619300669113	3.6611327934926794
11.603421557386403	3.7120262487880735
11.624493820387647	3.6179295307985786
11.661199347754238	3.8324278652303905
11.691332924149386	3.8559255537083432
11.699620444153862	3.7823661314262984
11.73543173133351	3.8493129101496084
11.772723385063271	3.4890013663046777
11.799494862000786	3.5753146696783316
11.809770516056652	3.588059198116776
11.843789269901375	3.8811976433304025
11.876658792459496	4.238354557380782
11.891554813023287	4.190570856621281
11.919952157684829	3.983813481797265
11.948225138327086	3.9291163246946734
11.983680441069128	4.131105758233613
11.988938704042539	4.18830661423859
12.02263062194592	4.131636899962494
12.056420534024241	4.371405248002758
12.082787407218511	4.440657656982279
12.090956261991089	4.535382040741953
12.12868224218864	4.539456945659718
12.158144198685024	4.684271412460438
12.177888694413172	4.88191903828499
12.201878208141393	4.804836128370564
12.232204307891875	5.144112580747868
12.269927455076854	5.302896169815579
12.274531405279877	5.0861663008074425
12.309579478896309	5.1892186158413995
12.34202925831664	5.570313643069866
12.366527852297635	5.654427253785241
12.380248066562155	5.453660727313768
12.414868699232297	5.563245264210553
12.447233648529878	5.491403692885413
12.46119443954309	5.490228181950246
12.491794513610653	5.6991716414810805
12.523816142878209	5.621305322407526
12.559747200558862	5.955633093212164
12.562920767473596	5.9428942579232755
12.595145045955793	6.084564843066311
12.632785361238408	6.041852539056862
12.650117728377483	6.172433684378047
12.666627500089534	6.297239791435736
12.70062684045856	6.5438357272354395
12.733079095410167	6.924528360003005
12.746367052720975	6.922476493283751
12.773617719374187	6.807455978281181
12.807577590563817	6.746406714680863
12.84296862927492	7.040392157562536
12.849974352034105	6.957350643706039
12.879986669569446	7.271675591686578
12.917030155069064	7.696392690876697
12.934488378241983	7.860663496396473
12.950457855595355	7.793139053644269
12.988563391023192	7.925278239241382
13.023456657961612	8.225563811489014
13.03123275502875	8.077022561304014
13.059331785770285	8.338973149270183
13.08831259905312	8.838745684815526
13.122827046685194	9.314383415484404
13.126901051610549	9.347209499033761
13.160615299914765	9.385452002734093
13.18803079991754	9.698372559278168
13.218292048661787	10.135005595323683
13.23708354686221	9.079396820574885
13.266363636445586	9.350809452285088
13.297561652612952	9.703481599662904
13.30992104964537	10.096179045970946
13.33958156127608	10.397370737259083
13.375017048076055	10.330394520980478
13.408045153710628	10.386400310743435
13.407990278793697	10.053313755116173
13.439287749426418	10.6057056123388
13.467113598385652	11.587011712210874
13.494526976114118	11.635468038734453
13.508567255468336	12.227459180475442
13.53905210464023	12.495626097293613
13.579808267121095	12.229133146516928
13.592869747595115	11.664517874697491
13.615286615107916	11.63168458070797
13.645697786172065	11.83609955812139
13.677518348530203	12.525181720610101
13.68462458662768	12.843251484695228
13.718927714467121	12.878854890508167
13.755795380292753	13.040900243853738
13.775579953243566	13.44898349047638
13.789952544721	13.475958313757179
13.81964952962559	14.218415723733667
13.849637176306226	14.792861950094458
13.864517281474297	15.480750839021278
13.884768274007143	15.399111013017167
13.925959487744445	16.0997131365956
13.954570702272624	16.272846433656284
13.958473890759036	16.34268014498457
13.9878690136865	16.842605985132412
14.024715774553583	17.54564252065873
14.051057140125101	16.943897324263357
14.064932442002204	16.59967360698082
14.096832442553646	16.904501483783516
14.122041507599414	17.482798900762983
14.140237499130782	17.92166008727079
14.166941361634214	17.920232202986362
14.195270438623394	18.606759581809023
14.224952387710266	19.05875394292193
14.231784078695972	19.25878508393702
14.262068447224449	19.274497652502287
14.289113622831964	19.99526799681624
14.31879175542319	20.605394711587312
14.327516306942028	20.405000609778117
14.3626982527953	21.43976662354026
14.38778353453509	22.03009568071066
14.406744354309351	22.581289574804938
14.426294085157211	22.829008088488457
14.45548007555461	23.407626032437772
14.484666019356316	24.3826218903215
14.49600423728859	24.29593041352837
14.525562028697875	24.674167670317715
14.553668940372932	25.551790648885433
14.577084742633813	26.549308881931204
14.587921866513943	26.69261761658484
14.613197818956225	27.353724163646525
14.647470212707999	28.14585669755441
14.66546180448743	28.939303326898298
14.6816945370068	28.87362327395846
14.70887250390854	29.896576902636372
14.737129687515315	31.473655325016008
14.745340117255443	32.329423941410646
14.768471316062408	32.89819195277056
14.797846017685513	34.21205307464051
14.822013707188885	35.45870035346393
14.82994608647453	36.142104059985954
14.860564698319207	37.126177086165626
14.88414811463077	38.29776660635843
14.90327981435786	39.54136198098961
14.901503116430215	39.31309278359146
14.900872543082025	39.195099059611756
14.90304977332165	39.234943054235345
14.902929604602656	39.257460729239035
14.904880889875722	38.940699065570996
14.908069493336166	38.477007403082744
14.908711901999355	38.38045640537732
14.905077075333237	38.308684806832616
14.905705187014854	38.42942648701566
14.907719622200128	38.332475454196505
