5.081329864074009	-0.1872581136701363
5.08224349084551	-0.18611136770428058
5.086360930417911	-0.20031482000832362
5.081984217450648	-0.1999634679434569
5.083348813535819	-0.1294521844309367
5.0837045839814685	-0.23017386171810447
5.08438577712713	0.0023302286592494417
5.0829485672931956	0.0868254158558446
5.082495743562911	-0.023038119794491885
5.088186965812055	0.07758968672387692
5.089315179083712	0.10369539643645767
5.082090403632737	0.02950624825849386
5.08500617426977	0.13406679248147066
5.086476284414001	-0.05655627584774573
5.08477378450935	-0.030790370374284986
5.0836868298728035	0.011906101383317836
5.08623797186786	-0.026663877577329142
5.081513549974375	0.053101771526136904
5.082994161580542	0.10971916972947747
5.087565941053645	0.2643916639838826
5.08271898608338	0.11112892596644447
5.084455524023557	0.036904498796867344
5.086302090197398	0.19966049225794308
5.085940768247466	0.15488981015494604
5.085530628421866	0.06532453472067805
5.083306620992216	0.029642510483926614
5.086403392511979	0.0743766028469173
5.0852147107627985	0.050794653107083955
5.084184476282344	0.08127843457295288
5.08596793243248	0.036591907812781
5.083726763989922	0.029332948785016723
5.084590579095515	0.08488399094266848
5.085985906209874	0.05128562503165253
5.083728955296092	0.27273296753976217
5.083231309152692	0.1962951709130076
5.084335984472402	0.21534476189772536
5.086382977396559	0.18512921251273
5.087091356566763	0.10256199097647457
5.086256361960292	0.005788367290297042
5.085127665458698	0.036802993911667234
5.086846088026652	0.09810961964909044
5.084691427233441	-0.07075398469064545
5.082402971047744	0.14954219502671742
5.0866443122621	-0.04228532132541834
5.0853679651250605	-0.10474135954108578
5.085812801925178	0.006780389338194207
5.086535793333498	0.16282694775361112
5.086833303888728	0.017213056831577065
5.085041670598201	0.10856839089533088
5.0856254306307065	0.10093111810543924
5.08686382752572	0.08278290893121515
5.084037246755845	0.1154417092098457
5.087894563868394	0.01859844374032853
5.08585647891136	0.0901111575614375
5.085167402109441	0.17953327279135256
5.088114234349163	0.1448167511173216
5.085448325447539	0.08292353237403056
5.0836330875554445	0.15008856262077142
5.084655147999136	0.20838404182113132
5.084544224276948	0.1898332925472976
5.084702831605654	0.2446603381957543
5.084383253288022	0.15414651519263375
5.087043538752281	0.13343218901272325
5.084124875863738	0.09359150965580491
5.084767792446096	0.1281213357429778
5.082804488839221	0.22367525906129165
5.081573460927656	0.241486629730135
5.086115117607399	-0.07470672785811006
5.085299296139025	0.13356469640740376
5.087201436533364	0.044920273355222584
5.085390146791756	-0.005432324785328539
5.083745797635402	0.11210379971818504
5.084563258266684	0.05236144229756417
5.084245356827918	0.1377026417029509
5.085588465103797	0.041695919690053845
5.086001309239485	0.008604527425915401
5.084366525673863	0.15048491175120077
5.086150708293911	0.1859512000422392
5.084559837588021	0.18779192240711068
5.082942335786292	0.15002668205670813
5.085757665189512	0.09351025384730449
5.084759691308772	0.02685681002259567
5.081730059959849	0.05404484837543171
5.08494293007079	0.17598326567376282
5.088652457982009	0.153958450601898
5.085445628324187	0.11811538702310918
5.085258515013852	0.010431038100627909
5.084945286280982	0.19810942145628127
5.086241183055359	0.13024814814259544
5.086905139077777	0.13321411490371413
5.086099126188808	0.1908571962328911
5.085265323329306	0.09715819637770133
5.086800258151486	0.11102190005013149
5.086771208456883	0.1805971715148002
5.085529572774819	0.08935092614109333
5.086271339409274	0.22854964900380878
5.08495825224384	0.1618823933334002
5.083729985921719	0.36196404714924874
5.084498901650065	0.24433333427529
5.086338835920298	0.16828446185271223
5.084741786041315	0.20148751928808387
5.085795941171947	0.16662489550775061
5.0830025673515316	0.1142181004285902
5.086320917860096	0.1877988601056795
5.084326324316093	0.2076585253733945
5.086376801231653	0.12529717607019364
5.085309904478594	0.21307318197198816
5.083851347798065	0.12997337291166
5.089126044834874	0.17927808993893235
5.085451949640117	0.1856713327523926
5.08496570036791	0.11880421575570535
5.084850914482033	0.05466597099554878
5.084842237553067	0.07377359768237472
5.083689550211192	0.11347120951411897
5.086862613034214	0.04243341823169196
5.086485575567044	-0.05034504170264437
5.086817991731616	0.06579266255152506
5.086094626121781	0.08890418072091057
5.087609458478358	-0.031926958702084486
5.0874601266607975	0.011024311951338866
5.084951148643544	-0.1493129826547003
5.099805481119851	0.20860342403055698
5.132825989822766	0.07364121209461533
5.169114337015456	0.10307068580811117
5.182554717790413	0.15190508777590322
5.203877666729612	0.21466816416882673
5.240111420806098	0.11077176953697386
5.270323650060215	0.03177475123547701
5.278831970836357	0.16875609030856198
5.3092747883484	0.1934129808340682
5.347064128722145	0.13833535716441636
5.371363620733391	0.1958857699061496
5.385334500792748	0.12075490064288712
5.414116801292852	0.17997853799264232
5.451192296868381	0.17059214164279426
5.469595389268177	0.1264744770374932
5.4938571021047125	0.21542271567946553
5.52445165548953	0.3954194885258238
5.560869356176882	0.3230826555540812
5.56482406492373	0.3140813041227575
5.600231658934094	0.23301442080538995
5.619957852680612	0.19285382880921756
5.652170442352567	0.3846876817692446
5.676206110981006	0.3180903697515018
5.707042896085783	0.5107772418782606
5.743761408491917	0.43107834561571573
5.754972012807521	0.3623578092065856
5.7765939709028	0.404755763975481
5.812243475172501	0.48404282309274
5.843718205651227	0.30311350969578843
5.852348145896942	0.35706928367513474
5.888404411893145	0.39120780237923414
5.920707473800828	0.415402064921194
5.947359169058085	0.3854472167717547
5.957323980971939	0.4853589468787992
5.992742053311122	0.29999432041941654
6.0240979976590605	0.49926290244280835
6.043528955980747	0.42789884072942175
6.065196297136479	0.4504926900746332
6.098963232847721	0.42984921845132423
6.135809280823617	0.39661056691512825
6.139646437920563	0.32607063229630623
6.17167019615372	0.43847491468897815
6.207173867050431	0.23422143471758994
6.2371050268049775	0.22354225384701923
6.244132796624342	0.26982521124720443
6.276729767964106	0.42152374979523244
6.308559354637799	0.3376400522920367
6.327452377179272	0.4676239782774347
6.350010696893614	0.46731480583107754
6.379163160835978	0.38407236616170787
6.414805263743469	0.40940903993190614
6.428238789797989	0.32268634879127633
6.451252241847733	0.33364875988191434
6.48725298343523	0.3660908206317179
6.522938994334696	0.30811774316857377
6.527163340433118	0.44702401026091115
6.562728717166133	0.34939512192388417
6.59781944217832	0.36884031001369005
6.619486650965946	0.4305108921843712
6.637995078990478	0.4313846714872775
6.6657802910318225	0.5005079730740247
6.702678279994505	0.3935138457198081
6.714303296017617	0.46393554818554394
6.738146785960268	0.48727704841449804
6.77668524135003	0.37129624736298905
6.80685028112997	0.611061007395026
6.81175291139094	0.3764760549211108
6.847422814395944	0.5039699773388575
6.886808574885684	0.5797943728451224
6.90525690071267	0.46806117509416545
6.924315484392398	0.4557334725888372
6.951843046872693	0.3751863579410493
6.989136671863051	0.6375552970748297
7.0050617427997235	0.5197640823980744
7.029777656384185	0.5120851092734282
7.062193714406213	0.5788995659604094
7.093742710054681	0.5962863865485339
7.104038968391992	0.5614118892413377
7.137011841887119	0.5896653753839054
7.172494545385566	0.5576948000992168
7.193375033474391	0.4924894260842189
7.207258267519199	0.5488388887800585
7.243646257484404	0.4881446605800116
7.278367090189592	0.5817824127375338
7.288129201179702	0.5916208716444828
7.313837158590978	0.5721488330724321
7.347325584430719	0.6011057939059086
7.385096768373961	0.5539395456710401
7.389326916385681	0.4957366370829904
7.422494046392199	0.5394379550389377
7.456747488624046	0.5531915876220183
7.481252088084144	0.6508046198754458
7.4941741699721085	0.5780220344747262
7.531353906876715	0.5742310826746407
7.564485925762924	0.6284416740856428
7.5769912495138225	0.40047894025366704
7.604042649376327	0.507720370082084
7.636463433646645	0.5578793322892314
7.669573591828902	0.6326058634768059
7.6736513531822155	0.6218599271173377
7.709564991543985	0.5809795992062452
7.723800123138085	0.5735429053442781
7.759241924322822	0.6463698681840442
7.767544301636434	0.6810729619689747
7.776248678389399	0.5646351254604021
7.810540611699247	0.5753426793997338
7.8436694004512475	0.6276292298636302
7.8648972565954764	0.7954883904974613
7.8808416876880205	0.7669019557270677
7.917235681567714	0.6667372352921894
7.950343530693452	0.5347719846829156
7.961777631950865	0.6323763686449227
7.989545527555597	0.47307204439619466
8.026570696179597	0.4358073669414341
8.055676235513094	0.40866472020266686
8.064092152239143	0.6202820164253356
8.095576010623908	0.457879127989605
8.131098919703437	0.7147315693465719
8.151467548498799	0.690471703185515
8.171260939698248	0.6567624400164646
8.202985756332774	0.7111438285631041
8.237459043070134	0.6192410174031168
8.24797533145871	0.5668116509718204
8.277506425840087	0.667200835083131
8.315046690373027	0.7040366912709931
8.345466026430792	0.7486728005575993
8.352811877968593	0.5402839729556624
8.38904119186661	0.6626162026228848
8.42112066919184	0.7901499532559649
8.440475333583807	0.7986185768204555
8.460218225814225	0.6813525406293776
8.4973324810501	0.7024112785276109
8.527577016458977	0.6608548215794672
8.536610282106727	0.5658700093258185
8.566437949252048	0.6813974953273149
8.604142741489772	0.7602704665192174
8.632939229863073	0.6642614593025559
8.63972520323951	0.7076004175551058
8.671945710043664	0.6232116370602924
8.70981074274725	0.6656313052369194
8.729485690058445	0.7636555020495899
8.748239050772069	0.7694711761612749
8.78000848120374	0.8895402173404529
8.81570266682224	0.7628723153205093
8.824569285307865	0.798430358647079
8.850641757252244	0.7838207702912702
8.890513788096367	0.9816653340759796
8.921056242777446	0.8334471582142264
8.930102514562945	0.8805643209077342
8.965272946736462	1.0856364148865028
8.998033795771882	1.1482033344723426
9.013833856353212	1.0546716178879065
9.036459469967403	1.088088160488921
9.072540435824967	1.1505637381235763
9.106734553942202	1.0273084185340762
9.114196156374817	0.9374613666188668
9.147164213764798	0.9270609408879894
9.180268242383297	1.0938469560642519
9.207356058209237	1.044451243970718
9.216032620546756	1.1674963486456122
9.251951412885052	1.1598071702193344
9.286356514414988	1.0376011537065244
9.304079458493419	1.1286102515961123
9.321607312974082	1.1245228853007037
9.359342585450854	1.2875646298555266
9.391007426484595	1.2053145670629108
9.39814760651376	1.2652535738142527
9.43328438784151	1.1945399690052314
9.471261260745134	1.2613813132461336
9.494455121186535	1.2854410479873015
9.506162730084782	0.966380225717725
9.540171988284753	0.9796577044530302
9.574292389105569	0.9193125881296847
9.593465758483982	1.0184731640800058
9.609678393098749	0.9541441379051699
9.648556373001936	1.0503608894743104
9.684231237010291	1.196349236056634
9.685992851373074	1.1818590317237085
9.721557581947847	1.0642064227316324
9.758772701270482	1.3803303715584796
9.783972687467845	1.419635990181222
9.783581864353883	1.1244133967661964
9.807333558263874	1.170084743078039
9.840918138406577	1.3067198459769582
9.876720617859084	1.3690307724295545
9.879220394621926	1.6484918229530343
9.913012952106953	1.5132357306353292
9.94746116141584	1.2696356254762973
9.977862104150645	1.49656775888998
9.984931815501225	1.4248964921768141
10.017532476827368	1.6663733279288533
10.05124916000269	1.4913466058259595
10.070358009831828	1.542432312163025
10.090929606096205	1.605722251154715
10.124676260669979	1.6673718216314468
10.15683678316829	1.7373911111004494
10.167383774845074	1.4896396009810549
10.201841438569502	1.110983328382034
10.233415845874605	1.283090399481696
10.265907134811814	1.4910377935044123
10.27394551712487	1.5362837609188873
10.31206962827485	1.274350612526285
10.344379002264011	1.2957769478255374
10.361365293185752	1.6019209590061902
10.386001771654588	1.5682563433697998
10.418382450797049	1.7412206386229545
10.454832063859602	1.868593691502973
10.459616219027827	1.7447183031880267
10.492390443030466	1.5076900680447551
10.525825774510073	1.7291328480892683
10.553375356818819	1.6818472555511645
10.56593096149102	1.6305392568784414
10.597536423473402	1.7921637752544426
10.637414874283737	1.8963759755139122
10.64626443488475	1.9117125393525427
10.672679719850752	1.9015593896161014
10.70732158726014	1.5957887404814224
10.738914655467132	1.6570881160590465
10.74884970991843	1.7578937633306817
10.782414489073934	1.7960878832034621
10.821841799043405	1.718111177931359
10.839544586847138	1.9827949172641703
10.860292464365994	1.9510078864742384
10.891608251492894	2.0303284239590575
10.92572064038219	2.1799903693166005
10.938911974706201	1.7995179025595116
10.966647564189607	1.552594547107018
11.002239732736344	1.5237984958647308
11.035143066853891	1.1944461220682252
11.03845025266564	1.2900867401388791
11.074570348989456	1.1569950138242624
11.107977845783013	1.2697977160650267
11.133944093541055	1.2786398261303908
11.142060080205393	1.4338098010357336
11.176984783025214	1.5884650913864713
11.2141704517481	1.6159844816372773
11.226018089726013	1.909191527979456
11.252798251793969	1.8062679602134692
11.28349916580934	2.0035240270971717
11.319137001862392	2.098174368136482
11.324447631388246	2.2418677372722433
11.361399204052804	2.176998163755812
11.391762954789959	2.298583086776244
11.416424646199916	2.5004717674553345
11.432509529664369	2.38096608593575
11.465367672365979	2.1978943344295367
11.49683745283723	2.3758483416520697
11.514791480886037	2.282796899166926
11.53896963187339	2.220195296384192
11.56934240999752	2.3914691260540017
11.607080231875548	2.5293184903769435
11.613674605586334	2.5782707935007445
11.64461829941021	2.744455289027305
11.681066492198527	2.9293123275092596
11.701744895999054	3.077645963092634
11.719306011582532	3.1745711331249127
11.748191406880832	3.360460472026111
11.788391915432884	3.2693738281431624
11.796145999270111	3.4667224338634597
11.820267925841145	3.6358502691915073
11.85477518035135	3.680657543682481
11.890352523609485	4.057498170254578
11.893575783667268	4.013808670217985
11.929492903550216	3.968563396573392
11.96268546680144	4.328569694921181
11.986910968526969	4.3460410892324335
12.00164760848572	3.9776473383933935
12.033197899431471	3.88320470198691
12.070329716358021	4.291603333208921
12.08364342946954	4.199116084495962
12.107898564062971	4.3076893829790235
12.14018047386967	4.621672291828245
12.175143246323426	4.8395334320272525
12.178007749866895	5.045143608081455
12.212902699092629	5.003894136351019
12.242296796145173	5.359811339274712
12.269914839169871	5.411064585736281
12.279654220897552	5.259959440197888
12.31446487742425	5.533371055887577
12.354380138330136	5.567994694488065
12.365528051284826	5.621393236225568
12.389710861155438	5.615389690825425
12.420532375354307	5.939658174718505
12.456808729386355	6.283484081187559
12.460144537778133	6.382058360705364
12.493581240796779	6.507354984235649
12.529392763179162	6.9959646144976375
12.553940698538934	6.28140290136785
12.567599675398457	6.577670836486651
12.598045784266676	6.758969336070554
12.634614786313792	7.056496895099702
12.649582677591171	7.485967938370825
12.673318778794288	7.454880140213401
12.70548236720005	7.686787458797083
12.738518346690324	7.860531585793011
12.748314949771324	7.654644418151556
12.779616352863345	7.1377511598298815
12.818868584711234	7.5308438537100235
12.837867185848031	7.555770763700579
12.85264658558909	7.561791780449996
12.88634083660059	7.628122862257148
12.918914282005598	8.254876266819176
12.932190643018075	8.221557413369126
12.962794553753964	8.410668285840478
12.992005836966943	8.325503208651574
13.026377880657568	8.843150626583338
13.030568772757402	8.801112664226816
13.061190136225683	9.078339749331505
13.097856108933897	9.524417463690792
13.116097056541403	9.865591575224796
13.134892042882537	9.877150959389425
13.169993220815519	10.147102326422754
13.197705620763069	10.826735700938062
13.209930105245775	11.015377762400592
13.239226107867042	10.823618349357421
13.267007779087313	10.886832458244584
13.298596781176487	11.607935277198507
13.304919728745512	11.668263729805409
13.342503478453118	11.895022812655418
13.371354756440157	12.28136690262078
13.395396777941505	12.693221553680608
13.410266975375732	12.873564718931751
13.441173218172185	13.210486196009743
13.47451902942258	13.868861842484877
13.48386654997699	14.180661386099217
13.50286437346733	14.245003723652193
13.538501464618394	14.810994049975786
13.566725371695805	15.765087482665189
13.584206407677852	14.523526476924031
13.616812480358453	14.111493047727278
13.645758536860473	14.972779083394489
13.667446752499993	15.486040451219678
13.692707898069385	14.816948215909177
13.722057491468334	14.93460943347303
13.751011673733576	15.20235816594609
13.761080241471765	15.632629647513603
13.791660186137962	15.799406294148753
13.823976065468186	16.228621905657715
13.84965391218198	16.90624582344626
13.857227706290029	17.222698947534415
13.89059696092734	17.42873945685006
13.92141899660997	17.74553960620933
13.944533309780267	18.08496325165932
13.967980180204632	17.780692278749378
13.990661828519622	18.104845776908594
14.024755399717874	18.95374187467759
14.033988577380105	19.374691583763
14.05667881784303	19.92298196627115
14.095667745618682	20.513528999575307
14.117984979657924	20.93039891557831
14.12934053301714	21.114930475374234
14.159200070351671	21.745151929531527
14.189901669394908	22.60182442742656
14.209434327948413	22.867202831632174
14.225155212039903	23.046626831262337
14.25409847986082	23.570525467785185
14.28799672441531	24.463365912150177
14.297374318041404	24.83319292266604
14.324392039660923	24.891046719377453
14.353167678670589	25.73622038438747
14.382107242495584	26.65843556084673
14.392899299438385	26.266569796310453
14.418226893605011	26.852468399455308
14.450881226874047	28.088369265283465
14.473145785510473	28.840657047246516
14.484658953490454	28.806548914073517
14.515756679842097	29.440498028095192
14.546187534370214	30.435351679127297
14.55795849453486	30.774897181810196
14.582199960771332	30.79059083852683
14.604957538410575	32.05730478553707
14.636494142881189	33.30376402889743
14.646683371592202	33.728886596849215
14.671762565660876	34.249699281497385
14.701751372271387	35.71404157441493
14.717250305228921	37.075890913513405
14.730130376990134	37.242025155740976
14.758594991338098	38.41700580710616
14.786200368756711	39.67108685907346
14.79938524549033	40.73117025609651
14.79505045264949	40.64083568521827
14.796701620142299	40.868903151818714
14.79651988084377	40.64533987744684
14.79715913776768	40.55971246619971
14.796706491964633	40.62512444328927
14.797284335918652	40.71257815337293
14.797321200316729	40.79773930626054
14.797377960152717	40.609322420780224
14.7986893409318	40.567653980903465
