5.09510894508591	0.16326181301045914
5.0963806617585465	0.18689574253002475
5.100067155605537	0.2928788697883904
5.098039000440355	0.1878084179605156
5.098636871955449	0.14646476829601746
5.096589816801291	0.2022508395565464
5.101414039529459	0.24597938665538369
5.097740003143125	0.20830217563750378
5.097104223803861	0.23622403714052295
5.098759832295785	0.17381598555594538
5.097017028175031	0.09966979020564559
5.099065299364975	0.07023710184861467
5.0965232297526075	0.34412368244460917
5.096719973801131	0.15821578652374022
5.099263418691333	0.1934076199890056
5.09934373034865	0.2996772053508576
5.099646212720414	0.25470776347982743
5.098169770824036	0.17973060395950366
5.096853741448864	0.2810836250562825
5.098957770890291	0.18226828434498954
5.098717311300518	0.16205874723129995
5.095864082253202	0.2498887745027492
5.103502294619982	0.2553349367263684
5.099212813964215	0.22318581367867482
5.095869527000399	0.07872647230939836
5.096716038466656	0.1175787785301089
5.100057470573709	0.04776370366083906
5.101684496795571	0.17335253140371454
5.103816363721034	0.18361811157661304
5.10001171474882	0.24242986146952722
5.098947949930352	0.30973932030138984
5.100725735172791	0.22590155195150333
5.097848400377508	0.29146475233404057
5.100002590022656	0.16727693456157894
5.098766249424285	0.19574333125887647
5.099544950359695	0.30527556797078154
5.098084874284982	0.20681891686738374
5.096177311741073	0.2075357717838156
5.09845251402329	0.26253034961281774
5.098041278497238	0.07880039057487079
5.097232466869825	0.14261243375146027
5.0996157003469875	0.15636123642530944
5.098748078642135	0.08472960197721237
5.099439856473641	0.2587420590291666
5.097054346170575	0.22830617945913836
5.097908734785253	0.19840979333603337
5.099441192350307	0.4129580129981208
5.098427944565136	0.1814557606836803
5.099182511699393	0.2126751844596234
5.098127828178956	0.17667737048310936
5.0977931627832245	0.18764302799300156
5.100407404691673	0.15099006489766656
5.098518744527768	0.27977726435977374
5.09566015837313	0.08027897831435268
5.097526049087568	0.11502734455440841
5.099523622625718	0.18243864721246986
5.1012688113788744	0.19380502566207988
5.099427536749117	0.11654550365549546
5.100606789077975	0.07904402030559168
5.0976230104715565	0.16532735388061962
5.0989406080313024	0.15293742392629783
5.098609172334273	0.1540792287679075
5.0972257318651994	0.18266523986205016
5.098561456380237	0.15300194717096124
5.099380317347295	0.26687320327795266
5.102177672055692	0.11486639524357312
5.1009981950922505	0.06097190603356688
5.100902357585515	0.04164985944537457
5.101117534729243	0.09754794541004169
5.100138052605526	0.1575983075193597
5.100096049012878	0.14395027888918147
5.096218118021202	0.1993636421539454
5.097687828861522	0.22526995658412
5.09986469493982	0.2487570769876429
5.098950117525508	0.31489180868541644
5.09917782605117	0.24730101823267278
5.097263752111939	0.1229666693817061
5.098883335874142	0.3441065473883351
5.09988087138974	0.2065564097118176
5.097458642713793	0.1122598992434324
5.10003429689559	0.2839483305460438
5.101023514213717	0.11955191031452905
5.100024241481419	0.20071865677163414
5.099322275872064	0.07255290827873728
5.09673573166816	0.08523891378738546
5.0981485794827215	0.10137820377407777
5.098411784015369	0.21700038406508138
5.099439883421837	0.1791809978901261
5.096770814443046	0.27615704879186204
5.097550824860857	0.06685077410568559
5.102439531128381	0.06512525725669821
5.138639608541576	0.19216833253858107
5.172181835170207	0.22202848904649014
5.194149728906423	0.11378888327266805
5.210243886964541	0.2679003242550572
5.245784036651154	0.2945912182499799
5.279042353932754	0.30564067097788694
5.290951008122963	0.29230850093486127
5.316904428690361	0.3991754380313153
5.351461246213399	0.3077386124891487
5.387121954157175	0.3991275864470302
5.38706472684245	0.22059230600352622
5.423531193596256	0.2503260136871074
5.463149559624924	0.2728719637844544
5.480844793547762	0.2677651132763159
5.501421611800669	0.2154148260167944
5.532641214747869	0.3467645889000542
5.567851601958452	0.35370872734747405
5.578400890321902	0.3369174684618011
5.605762139745828	0.20383097719682916
5.641170625256528	0.348779182701338
5.674566480373899	0.3748203109137723
5.677747574897314	0.2287789862645542
5.713895013938355	0.41245115586221087
5.74590504864538	0.3228843287136836
5.770059706033173	0.29168883734982526
5.787825225530977	0.28105918952865216
5.819425976127656	0.3974101220947397
5.851353119236329	0.31265549980736135
5.8669075877309	0.25512660981904894
5.892778940459291	0.3045490029243295
5.927270805567407	0.29357234571983737
5.958866238583093	0.21301313246718015
5.966915382924757	0.3712630827641218
6.001041115304016	0.4697571285923989
6.037311629169739	0.43260044886134713
6.056855655426423	0.24790259878583024
6.074286121230738	0.4906885438340407
6.11001001482636	0.45258597510259585
6.143299036518547	0.5125789237842939
6.153405944065158	0.2720822418492409
6.181908339359278	0.2772351539095161
6.218357639743061	0.42760206476876733
6.246575942253953	0.3496525250881135
6.253192228417207	0.4529063908573951
6.28697797714883	0.4095792875958738
6.324130632294608	0.4946674622497309
6.343184030223954	0.5807996201953811
6.362243775759691	0.30375171836808246
6.3999805788998785	0.510530128717854
6.429713841877744	0.4843243466753885
6.438591817271968	0.5080645527339028
6.468589232105206	0.41703405654579156
6.5014984160351545	0.5692648992844004
6.5365520261420045	0.5566299149879711
6.538825365670927	0.5281589134594493
6.575774836864976	0.5386886690131424
6.609435427356507	0.348135147140109
6.632275716041159	0.5423166034327057
6.6487901603824575	0.4943628813947165
6.676315869919058	0.5811262586950812
6.715497717648821	0.5877308391652004
6.7256583155424465	0.42312799062555606
6.755257760196043	0.4225086447977057
6.790868944069137	0.45183868434366586
6.8224947227577815	0.3825735624287023
6.823488217113441	0.3420471365838945
6.829247536943008	0.2630106660797379
6.861123382868387	0.4918619072602059
6.893776493353251	0.4695689951542733
6.9220954704103335	0.36301809405940066
6.938079279073428	0.39983827422607116
6.968346274086814	0.5240468812624497
7.003331984759113	0.5677091521561456
7.015299302609053	0.5157721981486635
7.0426937636363345	0.4997869436060252
7.072387307809439	0.4473808687764881
7.110645766637912	0.4198906936509973
7.114552918304279	0.46211294723168167
7.146342264269569	0.23868992558570798
7.182860857980344	0.4854391633399698
7.206249137801553	0.37727598876136964
7.22154643986768	0.42424389296052356
7.254638773256572	0.3613556652517845
7.287695313298622	0.43934727598390827
7.302497257915956	0.33819886138739186
7.325869935179522	0.4087253336934193
7.360135022671928	0.41172421480308874
7.3949634926728045	0.2255316905305324
7.398805468740292	0.28177791921248363
7.434593058115828	0.23431476660662784
7.464171437836455	0.2258580562886474
7.493509345612651	0.2958697513608951
7.504113197003322	0.23988423450640572
7.535822739559672	0.14035359588889454
7.572227843592293	0.21521142434586438
7.592218701944251	0.10681258250203682
7.611191899092111	0.1949693594881994
7.643080371626532	0.005835563483855521
7.677029246887804	0.014186336203887203
7.688445011321447	0.13773654505421432
7.72133883489767	0.12147465904907799
7.755178952566192	0.11384393205722505
7.787058572743739	-0.13929997841783737
7.795244713270346	0.12279739483258927
7.832908939539642	0.07282300453510401
7.867845962377277	-0.050735831422832
7.878765197832173	0.041549095993609425
7.8980859774655965	0.0174437710401304
7.9375435515328885	0.26640546469965853
7.964186162158297	0.12241347265612242
7.975088280947578	-0.029872876966986844
8.00466623113859	0.07152210661422415
8.04171046425825	0.05686978786077957
8.073565815479315	0.12364764156787038
8.08020803936391	0.04423614344048763
8.116573521859616	0.206490848460346
8.153966694757925	0.1937056841737228
8.16617035180813	-0.010818863861426492
8.1874251930191	0.25604813478718036
8.22658596639044	0.10645750473416006
8.26189616794019	0.1174770273830894
8.260568647513745	0.06019960778407105
8.292736686777229	0.1263106798113441
8.326917074202589	0.13954537783745968
8.359815637824534	0.2559664923741035
8.367286834353946	0.027363782328953593
8.400985299149147	0.11932758433287885
8.435698822188398	0.07921377149048832
8.457408496236198	0.23757973758414003
8.471966468366054	0.22735875198436759
8.51004110442968	0.11277508161762335
8.542944183479744	0.4562530386716818
8.552028704149215	0.347520244616915
8.57903490034254	0.42172367598040417
8.614303387984243	0.2759321614391822
8.64984757743436	0.315180830030205
8.651126069388495	0.08955437943103482
8.685647358323402	0.4832049198836289
8.720127479657766	0.32263864680113535
8.74366279941467	0.38030100539961587
8.761278186087486	0.4205199031915063
8.796486394301624	0.48587505205628606
8.82942191695413	0.42899725713469333
8.83798609109453	0.4843094835829967
8.868372230172456	0.438109471400355
8.90009965968363	0.3500219946085547
8.926480540209118	0.2832937957577827
8.941236909065802	0.4255959444924512
8.97068330631497	0.37685147310434625
9.007690620930935	0.3938858665491262
9.032138058184682	0.4413501630808532
9.049390941743308	0.3415254904989371
9.075956771020726	0.5003555277233582
9.112003656625825	0.5637165092779833
9.126912433908496	0.5985789874196066
9.154556240264053	0.4876828812564183
9.185759315923974	0.4490131609629557
9.22398163215237	0.549123865324133
9.227529534440553	0.6219952188428319
9.264258691848651	0.5095652325417631
9.297674223743421	0.4844627934814775
9.316900155893597	0.45050145353650334
9.335536652753785	0.4457608605532491
9.372571335368136	0.5507928875933651
9.404114704802911	0.504164718785941
9.410834664477946	0.5280046820651283
9.443904404819353	0.5434750269751609
9.483312951632245	0.5983303291814114
9.510966948826054	0.5608303498821916
9.514373755257168	0.5209323894964819
9.550071976320886	0.6025634348103391
9.584439997566804	0.6525982837084785
9.604572567898163	0.6474976215215442
9.623031594049191	0.5564483670675341
9.653139605907947	0.6209266861604178
9.69205576620402	0.4694793982196302
9.702109976735128	0.5795961042602075
9.729986401088073	0.4303445714365682
9.764731501547177	0.5470347415747923
9.795153034331038	0.4910989510719904
9.801121934207893	0.7226049529212294
9.83931783650353	0.7589631035470527
9.87894256143815	0.6946834118233737
9.89397472302148	0.7900445359688762
9.910999837099633	0.6708892558905716
9.94201879100523	0.7334822236217632
9.982775596450447	0.8014354770489905
9.990440130609237	0.7286867725082624
10.017821056923493	0.7761948003727601
10.0482975137492	0.7674977994224944
10.086948012403749	0.7118871910322849
10.091836269881425	0.686251748715605
10.125109697717814	0.6958106554419163
10.160599313722425	0.8832590964576529
10.179883243868641	0.975645266609612
10.195257928640848	0.9682080458003122
10.228838848205129	0.9222405762705641
10.267587328088531	0.972319273012441
10.27440013398897	1.207031169482303
10.298158899298512	1.0380329923261724
10.33759928065611	1.1303901618389263
10.37532021805276	1.0313726004542465
10.379475657706557	1.1148483798174547
10.410516862183632	1.0283018320771233
10.447173333623684	1.199925689823513
10.469715677875996	1.1612031741735438
10.48764737086844	1.2916208678460326
10.518290329675935	1.1589378964319994
10.552373072588551	1.266073518413315
10.566651584416816	1.1300870717947118
10.591434134563723	1.2044177066558481
10.622651195121412	1.1684699209003473
10.658905539963722	1.30551833851547
10.666022217760771	1.2196911745091739
10.69719815466746	1.2801228902577042
10.729415929392156	1.354232773905532
10.758979741127362	1.2730290775836097
10.769418556112642	1.4459560549032087
10.801210320775434	1.5615686918867187
10.839432410405616	1.6943717675732612
10.851900311413216	1.5850138418618775
10.878199238854387	1.6610091112951002
10.910369023516047	1.5822013862454536
10.945184011348687	1.6073310279688744
10.951835702639354	1.8930549508282137
10.984634443988242	2.0973185222382456
11.023533286078978	1.6631936231038031
11.0428991161375	1.678977901522032
11.05806754953821	1.6822997828116162
11.089900161204426	1.9527575409369622
11.12397153814356	2.0318878689700313
11.138706048884583	2.1695682976848576
11.164730430234894	2.1117967630130963
11.200419203154253	2.4608715203809193
11.234969907878007	2.540743234185206
11.236313237357477	2.5397548901767424
11.272585170028943	2.4970259303948206
11.309145655069086	2.1715939732680147
11.333258220976651	2.129536460900592
11.347141198664856	2.0782126034962998
11.377299524928754	2.243987398794647
11.409309547021225	2.43948020721955
11.425480369435787	2.576693644085473
11.45245501139262	2.48617041282166
11.484745737704737	2.338859325159877
11.520102780059952	2.440626015801707
11.525154278904699	2.4978140741360018
11.557669270801606	2.440393560532045
11.593243215202826	2.485808222588766
11.617260217951578	2.6931408756148576
11.631676647055603	2.6249240796732383
11.667518689234452	3.045814881872245
11.698074990884683	3.0521110445693154
11.709172465198016	3.386456424418032
11.73570047981889	3.3795846366339632
11.7737496853352	3.4726654266432373
11.803981112780866	3.5957438428631563
11.810648745785302	3.554319747670999
11.842284751216948	3.7759022985098745
11.880253857353736	3.9320990077877385
11.901272555281922	4.060303858950393
11.915349552195753	4.0463211446197604
11.950110376431747	4.338362130655128
11.984173971279503	4.805021565824531
11.99539132035862	4.195811000629128
12.018415130681511	4.068705798521355
12.054252232867848	4.3445397752176556
12.083043792512802	4.463614540920893
12.08993576388226	4.593276954889199
12.127013781451593	4.703887550924495
12.159417803790248	4.609148650957362
12.187461769489094	4.934369230707857
12.192833571073363	4.801935267064916
12.228464232781716	5.18141546551228
12.267129780802348	5.101715120806555
12.281328915716783	5.285201256811492
12.306446769532776	5.515080328626785
12.338918747903099	4.890710892059333
12.37811483107601	4.756978644048381
12.382826938091213	4.624802143165662
12.413606182306793	4.924062686337673
12.448881393430055	5.394306417273059
12.471345849716311	5.68817804482652
12.485805711409048	5.9067342762227035
12.51811826765012	6.110777718693925
12.551196114855378	6.3269141179010795
12.563408660916888	6.476651551774198
12.59114477465373	6.39664513805062
12.625532742811693	6.80684514535392
12.654939506623599	7.283348020274155
12.65962523936703	7.318551947048362
12.690149053782573	7.496228573430998
12.723684024333842	7.766731122079743
12.744939306757082	8.282778942391543
12.75675263023113	8.62365757946192
12.796312270523698	8.514752645747436
12.827133905699666	8.778889228389149
12.841529199236975	9.347537757751077
12.867079757188005	9.21704109876981
12.897000400566839	9.643388255254202
12.927991660958748	10.360397336881148
12.933817239387974	10.762223653227302
12.969276596292843	10.872180106374875
12.998097162972243	10.727852393272054
13.021888716865343	11.167369801329261
13.031147656679464	11.636180600936841
13.066095881093723	11.867768507348824
13.0840810013693	12.441059193813611
13.111252262142418	12.658028739123475
13.135348780039365	13.066058088831358
13.16363595880614	13.552492604953484
13.197908503197269	14.300960691330939
13.199512254690996	14.895291601041913
13.22781544462108	15.250157636713412
13.260732581855372	16.110531825766834
13.279173956689194	17.325821766251515
13.293156063877488	17.734975756616958
13.322008186203401	18.397153696175817
13.354059965216406	19.338039720885362
13.365123917971173	20.177208278189223
13.383438678345751	20.48772506781803
13.410310770268199	21.41885857899567
13.442421917954334	22.27646409407691
13.444210569051233	23.106975521013506
13.473602987509631	23.691230490688422
13.506233375639153	24.900781593397056
13.523236658517478	26.282752400557005
13.536766453042588	26.584595592052363
13.565181821476939	27.36295327778906
13.59322769783732	28.751651666578066
13.6045412117177	29.599829908495515
13.625814146445578	29.992712281541994
13.649899456092893	30.982024906590354
13.678262245098894	32.49600383510004
13.683530763811952	33.572017988660264
13.70949321827537	34.06193839644377
13.735256010450694	35.62628927185871
13.75800877871363	36.97235864874065
13.769869626027255	37.28228773056556
13.79536270300753	38.35986635898484
13.823416132459744	39.94450322124451
13.838034178734587	41.14304396595119
13.83655686193791	41.16779952273104
13.836298691446535	41.118930231024095
13.837173256279733	41.05605110176282
13.836634890297205	40.941514647466
13.837220836824757	40.914452819619626
13.83956554027837	40.80097246045935
13.835067727470136	40.77946817402618
13.83629573637257	40.865899071390594
13.83749229757798	40.870478336402364
13.83741290165067	40.843869384042
