5.093948909063062	0.16104421201218524
5.116498043223524	0.10256997321069612
5.14470483431824	0.2050252039556891
5.1843208416424975	0.14116678146977674
5.194301188430476	0.05282407416197933
5.2059486301954365	0.08867436406878136
5.235160626373023	0.09199549598100278
5.272146634751058	0.09330658596363439
5.288713249835034	0.04536884181616542
5.311565852925993	0.006347780049742028
5.345854943657663	0.11273440067927674
5.379657827066861	0.15842276818440398
5.382302483679823	0.23258995669281451
5.41859252098442	0.051238592905012634
5.453456401182629	0.1586329513232855
5.478572941981307	0.22333668471618437
5.4884173521294315	0.19503080570954354
5.522093109607436	0.11142554558885598
5.556766960668298	0.19777219228326287
5.578739347632558	0.03988341539622109
5.597328534351799	0.21063824960559757
5.628865321835459	0.04315174665597917
5.667926990267887	0.2789922186765879
5.674239211004057	0.15889961315406298
5.702010073517171	0.2333923359559507
5.734414999364752	0.12220302994097294
5.764981186396389	0.15904641962212915
5.778621409394704	0.1074015850920021
5.806280633774794	0.27994722466025224
5.843459429836781	0.1216729871223673
5.864494058790557	0.18615643269785886
5.885513122422029	0.05913137424844095
5.917451957280456	0.19460946762438405
5.954010416284154	0.2225231336399724
5.960184706062053	0.11919554290750564
5.990785256439963	0.20668719849515024
6.025566722273188	0.1146607586058675
6.05693785091526	0.0831556022720128
6.0639340679721645	0.1638816777671478
6.09698425525627	-0.0028253509165164508
6.133004816987356	0.1905991203749895
6.15201659687755	0.0736717047775132
6.172311794423637	0.16398788016275329
6.2044168350054	0.10589339032668317
6.237310519456418	0.09416517912101045
6.25057324979973	0.3957371118982535
6.273571522261799	0.24371954248716354
6.3134291108375	0.27850558148963583
6.346748522000944	0.27342234034044405
6.354290274873428	0.20326991061036503
6.385738660978161	0.34802746974699855
6.421575129959411	0.24152268581177047
6.438944330246278	0.13964000055703368
6.4571666715175695	0.22523542424732837
6.492236602120844	0.13257742871031095
6.53036159460026	0.14541257885032124
6.533247083958507	0.13649789039561985
6.567497540258422	0.16033030958960992
6.6021566538876755	0.16679826770948564
6.6343189198940475	0.1845509618658947
6.637909479352659	-0.009958589313505014
6.673841215398429	0.14368305826078567
6.709571514849705	-0.020618972198525976
6.727171809319104	-0.030126097743347645
6.747736299513793	-0.034898969560781756
6.784106790406483	0.026393812555223068
6.811452301028716	0.009892086073813765
6.824924893318061	0.05818302792580691
6.850681435537664	0.03564748702428943
6.883505011299432	0.0878466622058705
6.919469240464487	0.1294629369443433
6.925877739008646	0.17388357508289157
6.961264392773947	0.05196912726831658
6.99655404568982	0.06926174609057567
7.016246919258766	0.00211742037250085
7.034709621214672	0.07109497203382587
7.070942758947233	0.14199674735264017
7.103084594384018	0.006099532247913128
7.111104317939432	0.07001625523358915
7.13944485613445	0.01184919230413582
7.176999784639163	0.04399896145810779
7.206620753631469	0.1367488232456733
7.2155777914237085	0.041132142883056964
7.250009362007063	-0.001443803573766651
7.281798978286588	-0.13158591967843147
7.302471224083357	0.03586829119712437
7.322429969364851	0.008348154216937671
7.3498529405583515	-0.028603230539949277
7.387483983066041	0.0753587862468359
7.400996367521618	-0.033079145026865125
7.429232922240299	-0.010821374217763994
7.457366845859735	-0.10062241754036734
7.495208568136189	-0.11343734773141982
7.494548317303208	-0.029683689708758187
7.534205648512337	-0.08727351758148132
7.561502179279719	-0.010313555866366363
7.592117466776646	0.10373895688364375
7.605834349346134	-0.03590335765918055
7.645645596374086	0.02245627142114818
7.678815441810064	-0.12887178607939445
7.687653395562595	-0.28845087496715244
7.716217926793902	-0.09884375315398813
7.746420712951524	-0.21835693639114898
7.780955132729293	-0.12008577339730192
7.784991754286528	-0.08800558247523217
7.820392013114487	-0.16378040521245096
7.851614816584977	-0.054389575744421464
7.879721621636978	-0.1799959092602873
7.893006061503211	-0.2135325640777396
7.924300708522901	-0.13249492501342072
7.961705257299423	-0.09849159610424901
7.975112549207044	-0.17639985118246715
8.002583755472381	-0.17084840805908336
8.034815583116682	-0.15481836564103174
8.070306904872329	-0.1996839273918946
8.076366061552562	-0.13667686114344
8.10872783889931	-0.07901669771752022
8.147720467220898	-0.17798103742146484
8.168535586929575	-0.25588554826083704
8.182680349235259	-0.21969404274341323
8.215253868188913	-0.09139387501676371
8.25006807659005	-0.09018177698958303
8.263155608395763	-0.02838972419049383
8.289217713827089	-0.06791385913433212
8.32131858448217	-0.13607965504754835
8.357824843173239	-0.029959288460401096
8.363203500678377	0.08066984870672834
8.396597619622833	-0.13135529945651472
8.42975834851161	-0.03409155384624241
8.455512180620236	-0.09369116414685283
8.46720907739371	-0.043776954412484
8.50118427680584	-0.0003561498526638918
8.539166401198438	0.0844724780834126
8.549844236874405	-0.025489135970464642
8.577442597088684	-0.0760565935764896
8.612723656856025	0.06726248936948534
8.645128800953227	0.13202879709630447
8.650465382382787	0.15805691844791006
8.686374027710459	0.14653176732419163
8.720699423188135	0.21862168707428886
8.741870083854431	0.23459089487901597
8.757571984096579	0.10087675373172417
8.7938688884144	0.4986948756334437
8.829548162405366	0.10783127489520836
8.837775331784718	0.10195614311800574
8.862827259858877	0.31016742918802787
8.898633385973804	0.21772689078148288
8.933862942101996	0.18733230640579654
8.939129363682303	0.19914899445202935
8.97104436267233	0.13991877158458726
9.003549017872785	0.16270579876325744
9.032151551378188	0.15960619921742294
9.043895917102448	0.13507953882676232
9.075333176681177	0.23723340071229912
9.110383626922767	0.13029239706368495
9.127531334468433	0.010121591497601808
9.145827952186636	0.2024212659008983
9.181188726415437	0.16207824156011716
9.215560451541517	0.12822870977711134
9.220409220390597	0.1907226352412967
9.255166057592678	0.08485433219019188
9.290905753344997	-0.05002847487286035
9.317076318201213	-0.03506799520010246
9.326577199325225	-0.04030927288592178
9.365420516649976	-0.08103177345053739
9.401799988811902	-0.01807693853958765
9.412596904745582	0.03780403355261848
9.436979529233279	-0.02997126261037348
9.469336170100181	0.06256646977554432
9.50572191819419	0.14210222685064602
9.508093665273	0.037801917819352944
9.545480441435208	0.046237213950951164
9.582523283765537	0.01083581697331658
9.606006076220583	0.11169928546095896
9.617965312952268	0.09840366279031584
9.655540174104717	0.007914116436231949
9.68767051320357	0.25348574870589136
9.702930117309897	0.14525837393576685
9.723162820675817	0.1604684333425592
9.757773993188893	0.21125789465479783
9.795041431357713	0.17045212846747762
9.79532827980336	0.23745461796947587
9.831510315392876	0.21658915587983568
9.86311447904335	0.39103491192703904
9.892585050764957	0.327317478304706
9.903395557626693	0.3700600433901629
9.93671168714819	0.2834039276760269
9.972819166844792	0.3790409497945217
9.99158545630653	0.4895489314424535
10.00876597211386	0.4556341296853971
10.044511637887462	0.4496150115351548
10.079765601410848	0.554299030904792
10.085537144816088	0.6213469437965753
10.118611456969896	0.565791487462013
10.153518123329913	0.5703787890826234
10.180305116806503	0.5629582664134637
10.193210574201752	0.7296910678529157
10.227944002270945	0.5935975450064465
10.261279338934239	0.6413391879543406
10.276420836440836	0.837426385028087
10.295524902825608	0.5636710937575604
10.330922557645001	0.651112803211463
10.363033326933893	0.7779387867836367
10.373021832728291	0.6276350645888665
10.407064936503001	0.7069521967758394
10.438119750347255	0.7434228096138394
10.469799837960608	0.8230350402517843
10.475390308716744	0.8696156752321129
10.5154747567079	0.7638966465632171
10.546929112165918	0.7057466445466973
10.565151685246294	0.6202015165230443
10.585373570664315	0.6587377470225244
10.620092578762993	0.5747103861994335
10.650354789380838	0.604664151326462
10.661223136460139	0.7469665833946223
10.689723555934043	0.7129567695908722
10.72751937388281	0.864319973684203
10.7558444603326	0.8872687895822733
10.759914020788113	0.8660009303837598
10.797407478965727	1.039368774615593
10.834143499767377	1.0378469718987724
10.853198633144922	1.2307582891661273
10.867036306114649	1.2066837548840008
10.906281366100139	1.2513713434827693
10.935717011642053	1.2932222660154973
10.94838139888945	1.0794630136153052
10.978403366991571	0.9763939421857184
11.016929800280076	1.045911405674262
11.042845311835332	1.0938263560395582
11.05272371555471	1.1627111278984292
11.082979072597276	1.1327925040682323
11.122025248096785	1.1655602818218964
11.141299720923676	1.2677869763025167
11.159909057795424	1.2660455345225443
11.19205722763397	1.428520222842506
11.226791739424382	1.3728635740839719
11.236400849074784	1.5005648012900867
11.26354737453414	1.6712890937379048
11.29674202251613	1.8647166869937608
11.33072898687751	2.0685343418002753
11.340330243353003	2.0144186247411806
11.37163237001099	1.930795204797295
11.401818881864566	2.336125474652856
11.427494538140742	2.377013775621352
11.44339804539751	2.26568234211288
11.479327502253085	2.4553472480703804
11.512148654357095	2.5562555944646324
11.526124984109655	2.367702454702731
11.55208302682866	2.2476218604018503
11.58304630658946	2.3641079033235703
11.617107081948665	2.5244684047961226
11.621323988797549	2.509277879512355
11.658702278024121	2.458329359544542
11.692614072334663	2.66329343461579
11.71334344988811	2.8668955891465084
11.726659529319651	2.5939967488203095
11.762177813117026	2.6856392241655103
11.797098470230713	2.7316321407499355
11.809929553881458	2.4480819180110305
11.833015414065729	2.336831727071168
11.86629888064858	2.5129867758150217
11.900079108566102	2.5964510073524854
11.907419401986173	2.7787657420818794
11.942839292810518	2.544476788370973
11.976389471470567	2.8946213573938673
12.002361169353547	2.9754994002633772
12.014654912388025	2.996928208772724
12.050168784317325	3.2467985476424426
12.078291396314201	3.2621503108664776
12.097437519132082	3.1972440416909755
12.121686318934	3.3253807551209773
12.156832868305232	3.584466555510117
12.192947309976793	3.7684031176226354
12.198319085212372	3.115100591730324
12.233311734724875	2.9112341506038213
12.271607968404481	2.9672692296354417
12.29020320259946	3.1063168139404493
12.3071385577567	3.1413815048115272
12.33843517853583	3.188388895637049
12.375346329867353	3.2492760236330227
12.388853480317536	3.2304742647178006
12.409844048612175	3.4134238703615942
12.44503811192387	3.7205027046486174
12.47960305723696	3.7404030401882085
12.481439680873862	3.586933545513544
12.523264118825377	3.5082639548087635
12.56102228877661	1.963806543434287
12.586557275409765	1.9329989382677986
12.597618433650027	1.7516290783637756
12.629801230896799	2.1254410367379672
12.663981347772186	2.5011385477200667
12.680143376199615	2.3329255247395997
12.703658747862292	2.250949233594813
12.73818168774978	2.4426734629735196
12.772359041642341	2.7411254915207204
12.775959895751384	2.911277336453416
12.813106312981628	2.898699868855691
12.845079527102692	3.23681003320019
12.868394518879175	3.2592464947630253
12.883301648121785	3.2976847527780295
12.913128237196151	3.4168259747488148
12.950114393299252	3.760758610560818
12.960604379383192	3.884327580325017
12.987611096491793	3.7514009897721623
13.026530767897775	4.266514058472949
13.054639801031783	4.580713436757393
13.05884251444009	4.663553537573365
13.09161271607758	4.846589859153293
13.124453594330003	5.32282807940897
13.147883320557387	5.512289914692627
13.166306166823928	5.374575443591242
13.20083991084149	5.48127311673047
13.234054128663493	5.75498274364535
13.240360943069899	6.163344327027406
13.269229584786244	6.285832652264423
13.298769227128593	6.547180560767189
13.33546665192348	6.7424239907042915
13.343591579504796	6.741264801896591
13.37680830736774	6.758471851356553
13.412795415073406	6.3833052782091615
13.430915893372035	6.793794235361841
13.442490121226811	7.050066605679178
13.47983967013884	7.17013446321283
13.513325078547043	7.594564437009396
13.523212139371566	7.775170707858799
13.553976048693972	7.541151490279433
13.583188768554187	8.068903851534527
13.60415687355586	8.481541490725174
13.616038575569242	8.58655793707124
13.651243188768378	8.682826829946713
13.683030016200071	9.11848057541558
13.713746800982952	9.161197735814012
13.72903669307262	8.597242972617993
13.763093316501665	8.726315412114383
13.794661857324892	9.022952859121212
13.805662076534924	9.246133315523071
13.829530412635824	9.243278394306643
13.867869287554125	9.254335462615114
13.90159435844168	9.379480942291723
13.905052280998804	9.468651317038754
13.935144178009521	9.829768219120428
13.966460703284012	9.968749889993083
13.992176802294017	10.361756675569946
14.004350035933628	10.308549532225669
14.036030696620278	10.885605874370524
14.070386345217647	11.809993231011644
14.077111808416019	12.12981371009067
14.10472819599613	12.385250948322863
14.136339606930862	12.367529791567206
14.16952288462718	12.637339862571684
14.178238704338684	12.818873989701153
14.211024259908212	13.216378397876742
14.243204353129078	13.523495942932957
14.265654507277189	13.929752249908741
14.281059661853513	13.717503315951035
14.309145126906044	14.30276589895977
14.345253546049717	14.640762761683494
14.355521420551627	15.019583886710768
14.379609706654568	15.373113822261091
14.410444597768931	16.005294177976864
14.43942423526803	16.578301369423972
14.452462738631437	16.937932377998862
14.481277864417654	16.335524816748535
14.515895567035829	17.02321566880495
14.533136328026012	17.89006510585767
14.547755421054246	18.139110502056088
14.575832033195	18.9339022717131
14.609257681843987	19.775885238840168
14.619431980594877	20.28539790597905
14.645401420852819	20.327858326514832
14.672738892749942	21.05104711547802
14.70599882457782	21.763986167112105
14.709952368293377	22.126061006487536
14.742166857854498	22.323587842213577
14.77637630574736	23.04056455232719
14.792916631546094	24.042143775173898
14.809461130351766	24.20267569340859
14.841033092284851	24.877867590372105
14.86953578662588	25.845908217434655
14.881812310596738	26.47014026109076
14.904420639411386	26.13368960483566
14.932970940676062	27.16141150049972
14.965996139337994	27.92917952286109
14.97842732009869	27.36430162472722
15.005117686666706	27.430262320814045
15.035461576907819	28.861694033250274
15.052787423114163	29.927744287958483
15.070520025454014	30.220833499344028
15.099115599367048	30.45712394731626
15.132935114459423	31.293920312177292
15.139259665317836	32.08706707406452
15.164793635990089	32.55977008144747
15.190043111807332	33.862729886341874
15.217785723213476	35.44997609382441
15.224614813793048	35.960623667826155
15.245858968961391	36.63360206293357
15.286506928899088	38.16579145189831
15.306440221992604	37.438276465042385
15.306030679618155	37.66998331591324
15.306269078462039	37.56092748195903
15.306690646451491	37.48448803829071
15.307828533238558	37.29162277463149
15.307194989906316	37.21606743737489
15.309131182191868	36.96928642654987
15.31295843474132	36.56404905300775
15.312808125648766	36.495286135733984
15.312701627100493	36.583303970742335
15.310426995467564	36.54034181425732
