4.999192406427767	0.06642856750455663
5.001826132062627	0.24206261891770478
5.004217296888923	0.18727146129546987
5.002866260974768	0.08453389534648378
5.004973218323055	0.185428882699034
5.003197510573935	0.23799702428551164
4.999866364357731	0.003764933223099279
5.0028101678871995	0.05502857564058489
5.003840480645588	0.1136496367979994
5.003077225802473	0.02400453016661651
5.003328136801482	0.20329725371115495
5.0035288243437765	-0.015635345184370104
5.005869607781335	0.04449550217227153
5.002839215077168	0.0632971075048382
5.003173091778555	0.18110081003901707
5.002935421424208	0.13591992459226482
5.003755293046025	0.13913570675733258
5.004710684721086	0.12629478138046007
5.004336035684245	0.08303176974342412
5.006951995246299	0.037850177286932817
5.003702059449308	0.11047245153916659
5.002566773397257	0.04937165566717255
5.004637824157314	0.06477167031995977
5.002567732620967	0.03234739602866135
5.00522443384809	0.03697132975690421
5.001366754029386	0.08802938327482747
5.005451332935532	0.14799766870291395
5.002402480370341	0.1362201945414518
5.006600532673529	0.10413750922546935
5.005059466553053	0.11744720589149102
5.005320465361196	0.16965612827476273
5.0061996626045335	0.07151268778196504
5.003794334382578	0.018942250399816077
5.004194544822678	0.13831953418433304
5.003950239230068	0.0372842517380596
5.002990874814337	0.18809950209937917
5.006222344083181	0.07946684392593523
5.002388835103865	0.07702019567838342
5.002472784235293	0.05137273949208413
5.004710683123381	-0.08390271218219998
5.004913535013289	0.0380970110692827
5.004524719579855	0.08341709005151073
5.002061685038788	0.23748798256894668
5.003740845634351	0.061982760511046835
5.0050231191304615	0.16465913701784968
5.004517591934981	0.08186671566768157
5.005308752253004	0.04603064274699214
5.002925384461372	0.16740817889178297
5.007269123259819	-0.05346202388675205
5.0029450310040975	0.12546017094672346
5.000785524130697	0.1859389756622905
5.002906803695888	0.020500282731835982
5.0032041173967094	0.11507422699961556
5.003499579311612	0.11822274261631024
5.003942773042649	0.026083877586523942
5.002911455658538	0.17618502163107297
5.00181335287607	0.033916504846601914
5.005758723334971	0.17150525002126002
5.002684861744838	0.17996448121291997
5.004129484703977	0.19781039473589468
5.002924481146456	0.1889548965010793
5.00320098913147	0.12233543415947269
5.004501874547492	0.1543373191189217
5.003242155083152	0.11258223744954912
5.031741872160477	0.17421623782415274
5.063518695578299	0.13287372414159562
5.099421675872229	0.18931497100071065
5.105451250394719	0.05158519194687168
5.137585854614061	0.10920551656555337
5.173433853607239	0.12096200551283413
5.191673412676053	0.18981489573400478
5.206790373216679	0.21174956309210521
5.240587311349028	0.38118237382366166
5.276987059274292	0.30245153542121084
5.289843464869451	0.27009981568745967
5.31514137951916	0.20345856579477684
5.349264731967068	0.40152463281813167
5.386531075968014	0.4069287716538588
5.391756250079297	0.2721733640387161
5.423584432399307	0.21521830910524156
5.454524759056163	0.2650842223952619
5.483317338201688	0.3370955766810369
5.498862073140414	0.4030651911528806
5.529114222216624	0.4053226441237092
5.551501532689112	0.3752685153893731
5.577077021576102	0.3549994332269414
5.601708116636361	0.29828516409736827
5.640564274561102	0.44980033291708904
5.670933340953454	0.3544041177863078
5.678350664516691	0.5106486680565573
5.711850319724846	0.3625562340093925
5.747911640582336	0.41440369700129503
5.7709797172897215	0.44757313572635166
5.783668989411336	0.5092556629192645
5.814368362201563	0.4126959560189083
5.853582032548619	0.42938559880436605
5.86351438566275	0.384697191980841
5.895191731147172	0.47470882358273986
5.925195134610535	0.28537284662465645
5.960633324906922	0.33374788026803714
5.96673252627968	0.34542490608694454
5.998242783721434	0.27898323948300113
6.033561683541015	0.30246094897785586
6.0571894064198	0.38716269382145
6.075946550832443	0.3423506953402979
6.106656607862847	0.3242301972406997
6.1386216241689215	0.40566452967239996
6.153157297128578	0.25111972879130107
6.180454028951811	0.31092456521868717
6.216897763843907	0.17016011500408887
6.24557327921721	0.3233774905352006
6.257438068525241	0.42868362286818396
6.284947174810503	0.33929451201802396
6.322598833432748	0.289193609344773
6.345906968675774	0.29011489334703794
6.360058666403507	0.29845086917409214
6.39243674914697	0.47628749424401257
6.431619038673315	0.38802677888219644
6.440646279703193	0.4014209274644183
6.468102181444394	0.46280290667060503
6.503919831994542	0.35509737393570123
6.536587173791228	0.29955564735956325
6.540934133107125	0.4450962555304971
6.5763027979531365	0.40213627303421545
6.611561557182267	0.44670394801478835
6.633551128588655	0.6103526326273119
6.649857800246172	0.6429234168133033
6.684465485772085	0.5341202315978332
6.719815650555647	0.47285859498204313
6.727853898212826	0.37309131729191103
6.760067836198605	0.4078634650093873
6.797631398057105	0.5615991104553497
6.822961296278439	0.40345861426921875
6.833477891127178	0.38549153728311625
6.866478163911584	0.4697484511935754
6.898404493423829	0.407982094358953
6.919183435642459	0.43799016418912895
6.938760448312008	0.42061713161491243
6.973800887658012	0.47507001288050027
7.006540577084166	0.44733188917452954
7.014922740081438	0.3577205945557498
7.0472613990839434	0.5281881974524879
7.0834522591637405	0.15092332266899178
7.110349839474061	0.4872822397763368
7.120830761317697	0.4623460459799903
7.153794878310135	0.43752892374529556
7.186765808633702	0.40170346656260536
7.211608285972309	0.31318990915964223
7.228490054320293	0.26772841234163347
7.263082658034429	0.5007442427577254
7.300045843919614	0.37483447760866817
7.3021871573470065	0.4900337071967913
7.336327138770548	0.5745767084940209
7.368968351538495	0.21096316966341844
7.401543866249678	0.45612440528703646
7.4117802911396975	0.3953517228376822
7.447028777908088	0.41237898528160255
7.4783414737191585	0.34702028283228836
7.493504535635097	0.5310833228968862
7.512338783325612	0.43136560473591795
7.551342295232487	0.41694636087865383
7.58199478423443	0.27123532364082575
7.590640004262697	0.2711454751484115
7.621056911560942	0.3581538432394436
7.652058098026801	0.3796019290180971
7.68656629388429	0.21191418779439458
7.697055221722538	0.21335325448382475
7.735905447708278	0.2500258337894627
7.773029987647368	0.19866722963683958
7.784473797388124	0.14811878450246385
7.805512902160007	0.23320095619347522
7.840155313418798	0.1564576572158674
7.873526047343994	0.24102377270042472
7.87828524931693	0.22513468207428014
7.90475495739963	0.16469465962330604
7.947911678639414	0.24001049534473745
7.971323178050147	0.27595786801589667
7.982743248144635	0.28994411474723897
8.01396648881514	0.2352761939537722
8.048577802918048	0.28176694337001207
8.070259306607216	0.36677367950498596
8.088040285249514	0.17664180288239137
8.125242136861441	0.2107335556725919
8.158612516086421	0.23364613401153825
8.166573774342835	0.268003658912395
8.197611977433501	0.1695974014507736
8.228112253111831	0.11478451718092295
8.260537961184788	0.2628301720743052
8.267079239194834	0.33992363152732985
8.301066375381456	0.181788603412782
8.335257049897523	0.14272954053484857
8.360152714875495	0.33437622392021477
8.374729021718714	0.4236544004406701
8.40959644259055	0.2762627639801201
8.441315399615029	0.3748489408566013
8.457779091568492	0.2697491097288722
8.480294046591268	0.3855061090980869
8.510946712968627	0.3858397356079087
8.551137130576635	0.40945227212490437
8.553936111091167	0.25311716900047687
8.587444687833745	0.4568389697037509
8.620409238453327	0.3967469999388573
8.649245554856156	0.2539260622859326
8.657728284252016	0.27671454055575434
8.689679591846245	0.35086576176555073
8.724006732726844	0.3136214048828575
8.740890323939247	0.4745213124191032
8.761666441418102	0.5099941862278262
8.800077725258367	0.37261184817748777
8.836381332307628	0.4137517466381503
8.836384553920553	0.5724270599446114
8.875987078032502	0.35434940529477277
8.905266572722029	0.42488128212094456
8.936473972148569	0.5695977393655267
8.945564787385633	0.5546955999121801
8.980691094069455	0.5135365248053202
9.011583844502098	0.3275326609182235
9.029612970125449	0.49312756857743606
9.048732037911433	0.48580540764531
9.086792868478536	0.4496259716050143
9.118150354464754	0.5152257882073233
9.125388015801347	0.5542662940655727
9.159765710134076	0.4779618310021858
9.19681246851448	0.5315615845340007
9.221645946538766	0.6359391641690837
9.227121414527915	0.4460814034312615
9.264421400028471	0.5458585924976315
9.299380544530777	0.5079242841402845
9.31749470953393	0.49645968164842214
9.33826335056487	0.5548871360001784
9.370834595279366	0.5439166221012869
9.403641354291919	0.6133032755481206
9.413315284280982	0.5239867483832488
9.447696556677494	0.48472749582994407
9.47839475117358	0.4880022696166565
9.513326698273255	0.569401669941671
9.518340962302911	0.36791031020041015
9.554541178806712	0.4440390535397522
9.586364737289557	0.6076876931366745
9.604332514500323	0.6685255899525724
9.626556974092066	0.5940678945845254
9.662711320086688	0.5997399636317954
9.694503041570941	0.7221190333562637
9.700611670853396	0.7987840369631577
9.727917440974476	0.7265512112144572
9.746485087737415	0.745385426378269
9.779107863353	0.9509202065960738
9.798038106272092	0.7489394928439164
9.805062950788477	0.8511589609965252
9.837154905960519	0.9242604660452932
9.873936643879189	1.0295506707993103
9.894677662781074	0.8465524297701889
9.907559408920244	0.9010945187178637
9.942531559122784	0.8040061327068284
9.970086475302814	0.7821273535418521
9.988353019016651	0.9132777343825884
10.014520962609474	0.9025676198499274
10.046254407567	1.020224470900438
10.08258274258096	0.9694771865587345
10.090967501230464	1.0334403100375449
10.12267089887538	0.9004429761431081
10.161683562175961	0.9344063232543097
10.182166107073558	1.0189985424917238
10.200453782658933	0.8745387774461979
10.22676672400332	0.8938158852243125
10.264209084791188	0.8106739468570278
10.27810280443614	0.8181889916972178
10.305917163133312	0.8783781580894616
10.339467789248452	0.9806390114676119
10.374657892574072	1.0013633072792438
10.379556231810927	0.9858521067389792
10.412418744218744	1.0632418032729023
10.446380225033055	1.038132082277095
10.466741400054062	1.0901647209173158
10.485608482430697	1.0594187421091354
10.519354071312508	1.0943074802342343
10.555566544817783	1.2430889177804507
10.565509889454992	1.4197038617960416
10.593284732000955	1.3634395898018552
10.631298343765042	1.2447710951971949
10.65989792161238	1.4139211973600654
10.66730860334043	1.463889775349016
10.700567796863202	1.43789938766329
10.734589047098357	1.2970627615517887
10.756108840575232	1.4877818931743934
10.772582066171367	1.513404747010541
10.809535531191852	1.3236100240025341
10.844016909080521	1.2951364380488986
10.853692374619914	1.3188501669898598
10.879086175798449	1.3304529726739627
10.918943427878927	1.5303195684260962
10.948100458651842	1.654640555587377
10.956368380511767	1.657040424681153
10.993249570498078	1.4429572320693642
11.026363250052885	1.5377341675717093
11.043867292789947	1.6468386289674513
11.06266671400277	1.664672936409193
11.091962473182532	1.838733263581274
11.130722938041497	1.8254495832848838
11.144689819278389	1.6654491721998286
11.167541270567183	1.610162048569248
11.207204704420551	1.9092953379320567
11.23517957927849	1.875084990215984
11.24549172223329	2.1865160731889612
11.280915215757975	2.19698214490656
11.31037129757041	2.2102915344072964
11.328706893512527	2.1401395945528745
11.350480617633016	1.9714474943585165
11.390326050939985	1.992157729414653
11.418792793476344	2.0360571822161653
11.43055608395699	2.008741874166272
11.457838090861257	2.025657119258076
11.49418286668149	2.0374189941896694
11.522978594482082	2.3355642414133406
11.534040645319838	2.424432045119548
11.567562433605476	2.397516978725608
11.599499379363804	2.5956911387998343
11.6207284335905	2.5456011828616445
11.638061129321924	2.46238842700943
11.67457239225164	2.495697085749733
11.708674280352014	2.755139698331397
11.715218756505779	2.74788059896087
11.744019952520057	2.8761239596465344
11.778439927028554	3.055859999481615
11.808091905292448	3.1514230371352223
11.80899323964468	3.4881284313826106
11.83459849628568	3.252591118253609
11.873416284194176	3.569834636862944
11.902833736232525	3.7078417014294884
11.919314539306153	3.763594741830503
11.949716574564162	4.104334632873413
11.986081507177852	4.2252012472382985
11.997147517661757	4.3866769969956
12.018930769118654	4.509842791145833
12.050703075919488	4.952409129717483
12.092498796195326	4.9490407473116385
12.091025190739378	4.602556423318198
12.128340194243428	4.846013818428894
12.159517639768351	5.181035192267849
12.179517488999686	5.641825821676011
12.197238691330977	5.595655615117471
12.229006247044042	5.953574579748082
12.267717656972598	6.272458395376988
12.274344991042254	6.169132687355877
12.303247018067129	6.2773578484175845
12.335952663274956	6.638387706214024
12.37014872143395	6.757124960825831
12.370976695620605	7.123853068213732
12.403772517256177	7.201855093437635
12.43571246971361	7.641866804573852
12.46147639655816	7.859642393946413
12.470935454672624	7.983152295297641
12.509570178208012	8.057657985240706
12.53314236801	8.486301379608488
12.549674440301498	9.102172484962498
12.569130114908704	9.20873633201475
12.604378674409215	9.79961912080194
12.635475619733995	10.199526326733354
12.640170315997311	10.365550243665801
12.672708639248553	10.828161118636148
12.708535974513227	11.430070476337894
12.727581565865798	11.88042090211142
12.740813080562075	12.033643510044222
12.775486529274309	12.581431732926852
12.804072603785928	13.17715295478292
12.822931698758238	13.024642999427781
12.843555637338095	12.864823074424596
12.874867386975701	13.703541081165975
12.909395957524174	14.16111507046468
12.910307571653725	14.35158698434837
12.943713558734476	14.57838916831266
12.97132984125735	15.23926483300279
12.998568756356928	15.997507625603758
13.010118750255755	16.38388027929219
13.038407381152043	17.08132556201557
13.068533138961728	17.88410255387752
13.086758932816467	18.08737493735226
13.107894465332715	17.895342388175617
13.140666108616788	18.20422461630201
13.170146030228299	18.8294779633307
13.177261266743333	19.483837442303916
13.205062820024953	20.003997236557304
13.234201511994089	20.92812318495311
13.253011015334181	21.8366305123438
13.272160165653117	21.200265331555574
13.304222282487187	21.533372258066496
13.329337778307147	22.530197682470956
13.346403535596698	23.618379558385147
13.366960343317638	23.157432142285337
13.395376685070422	23.868346964131355
13.430138747311906	25.01367893434009
13.435770913560741	25.267587260038493
13.464406995079308	25.070365569186404
13.49537820727138	25.72476313400644
13.519607011671308	26.949805161698855
13.528631053571164	27.31200256266899
13.557405117199867	28.535150177623986
13.5848117169624	29.798330667369925
13.596622367284548	30.958677869462715
13.610976530714007	31.348853682123114
13.64218412457871	32.63071329769439
13.667242665992063	34.087441898053115
13.671143748732955	35.17709801372925
13.70447545370008	35.673828643841965
13.726334935557706	36.82731107793638
13.748584698510719	38.46240278465528
13.760927305233544	38.97945637530928
13.779138872289279	39.723161289407294
13.812296909694574	41.0326387072779
13.82690224659925	42.34850382045098
13.826611922611928	42.50498802583915
13.829502532875098	42.474876902057545
13.830699538941136	42.341408652012944
13.828453044531809	42.500088255041405
13.832002186611845	42.18128519740139
13.83519741069798	41.90275809085608
13.837292203916668	40.72027684465884
13.83687431138337	40.770206942252386
13.838955683543189	40.818370254282605
13.839153959842552	40.67395792244104
