5.095175646722232	-0.1493489778617009
5.097769557999154	-0.09909582448059151
5.0995166274477395	-0.053256596455296054
5.100004047553398	0.006835381253526315
5.100209260539705	-0.01150041057970094
5.095791832918259	-0.03299816180658196
5.098352590014686	0.06952798175049535
5.096146760081355	0.11239956419753752
5.099783990532293	-0.029650536888949117
5.097581480808536	0.07073515718926408
5.09684425053519	-0.01959381321867911
5.099943831952469	-0.07617239208575463
5.095701288020377	-0.14695348587317286
5.097066034137315	-0.06637817557105044
5.101166289601503	0.027010060403873916
5.0986134913438015	0.08582652634302856
5.0988761963481455	-0.011583440532491664
5.098551485250104	0.05837973301740234
5.098077677817088	0.07247839694531934
5.098100950007455	0.08642374832678003
5.095449769370235	0.0383760787286727
5.099390412517462	-0.046870286044450274
5.100945807710811	-0.09790658378701549
5.09803165434491	0.12393782280519221
5.097698481901711	0.02152784333151176
5.099923275315026	0.02659464054631127
5.0989813551546845	-0.015373338437909863
5.099234489194426	0.018927943440964285
5.09670444634315	-0.01663811266265569
5.096832534439201	0.07863349398750023
5.099058999121267	0.06771051391571088
5.098246000018946	-0.08712606750174495
5.098632178411664	-0.05172220260996318
5.097661788202215	-0.14194597685339091
5.096353675060797	0.021129916007057006
5.098000423218966	0.06366427864009491
5.0989147787417295	0.018981962162641915
5.0964927006120355	0.08349993205642914
5.095741719326099	0.05047959029915673
5.09966476625498	0.03450090273837042
5.100974875026438	-0.03907747640779742
5.0975108420925075	0.006014169581146815
5.098239272499043	0.0828205407122668
5.097375192847908	0.01978611557006831
5.097252828874208	0.02297245223586722
5.100601491076851	0.06335851413956163
5.099133927280134	-0.00885713948119407
5.098400899351439	0.06824563290536835
5.098363881358413	-0.07774226616891887
5.097904844437048	-0.021161174372094898
5.09727223906563	0.04519866710838808
5.098786027443397	0.15150943380159052
5.098309310363039	-0.006670225957757141
5.098146518102201	0.043145757086384184
5.097297862287974	0.16257303996417208
5.097722745832764	0.1148082272214394
5.097127154777043	0.10234038055704978
5.099473229849451	0.06783128283033278
5.102339656587761	-0.03450685439149278
5.098958317231057	-0.008463072906553465
5.097070509354049	0.15232709453741228
5.097662978622493	0.08813398105510445
5.098083684923264	0.09836111525643196
5.101677528218795	0.13367260548616813
5.097335718675929	-0.06710957052673432
5.099854891332599	0.11262194126844521
5.098996389186883	0.006889410567110428
5.100558320530876	-0.035257049980701734
5.0978762093609635	0.04334632277442599
5.100051892068107	0.11840935087840522
5.1000627990057215	0.10196763019365987
5.0996132780025984	0.09012713683821595
5.098787586936497	0.05493042844811676
5.096794634211854	0.12194189194265251
5.0976895829020545	0.10109819092432307
5.0996746634002665	0.0472051475095147
5.096547668027668	0.0007629672792073849
5.098383236326185	-0.016795026457223906
5.101635663109635	0.03860409863761454
5.096997584736597	0.027789709436280185
5.098646852756721	0.09775850199241921
5.099992631429997	0.004033716141558176
5.0988062238327085	0.1057312019161895
5.131819199713792	-0.06802175872953994
5.161903847390157	0.08340320412093068
5.191373685682754	0.0738923978887008
5.200934056594663	0.10537543567440917
5.231026300837323	-0.000776539808848837
5.267258735072465	0.20052919148010453
5.288949741943764	0.183161457506971
5.304274868346898	0.3095461690264973
5.339935081554019	0.36483189187748455
5.373037818390079	0.15373355139559491
5.385192904030433	0.18337540077255812
5.412475505919176	0.18528869887879018
5.447618268112487	0.11079235099700162
5.481103473649508	0.23561650931082992
5.483920403961632	0.09031961295788936
5.521637282926687	0.3306400164458448
5.5485496403678365	0.37544409747710367
5.577987147261748	0.29629007799781243
5.590150359870114	0.1661309857154668
5.625037560136274	0.1473108207152412
5.6635706440687645	0.07651418595343404
5.676560848107819	0.16283985537758922
5.701561299690876	0.2654971134936803
5.734924551945069	0.1643007519857214
5.767168413011973	0.3105848828449522
5.77020723857256	0.2838933030241011
5.8054906190440025	0.10511879378690776
5.845457852579978	0.22517011470699677
5.864794451464128	0.035595859578806184
5.878337284288293	0.233153337689588
5.91194970918327	0.2064278240492129
5.946065307675447	0.16521693068919177
5.960633902075896	0.23669884059906174
5.984003218475683	0.18189358514965856
6.017235276766565	0.15858547325706066
6.047754228281695	0.3388766666724014
6.055869471827659	0.26839215949878403
6.090045082234324	0.24781721221270925
6.121267761972657	0.23299549180727328
6.152106436284363	0.27370797242861256
6.163670232366536	0.2259659190443518
6.198021888980298	0.2859132616258821
6.228062680675981	0.31244249400427704
6.247428016125319	0.3073997271766947
6.274258509658665	0.32910161621198747
6.303244005815946	0.3226242471834431
6.342026253292891	0.26001168972171246
6.3466756923717895	0.35436005286695466
6.381565763512301	0.29192656746758816
6.4149712115625945	0.3195119373501547
6.441092622047233	0.4582970595151983
6.450796316208104	0.27627195251722103
6.488256379733194	0.34912267565059796
6.521545512531155	0.20436341121706456
6.5365303780834925	0.3187153041961374
6.556797979276466	0.2710150464737863
6.591572202441169	0.3702534755827401
6.624334275902914	0.2811170584870405
6.635746714182272	0.40786444746715034
6.667042803066238	0.3814835176635746
6.700710211124941	0.326336659998971
6.72407884713142	0.3032036217241396
6.736364282268546	0.266535787592485
6.755837705582685	0.37249156919699017
6.795134482433616	0.3084638668660082
6.822075317273811	0.26114355141136575
6.8457453632414005	0.3413947202556774
6.876888776663025	0.3428011559300478
6.908137010192325	0.4333320371981218
6.917747725813989	0.287252933867425
6.954090606912027	0.5198581690392339
6.986969846913796	0.4253111917646679
7.0129508101997615	0.4609299637855018
7.021855622255753	0.42549421990400077
7.058164837346375	0.35755039327330257
7.089275338341	0.3432917518419452
7.108208054593044	0.4562151170782694
7.133741207863476	0.4105024676281528
7.168664320666407	0.45419676050230273
7.202729027745848	0.39530776648536675
7.20208347212103	0.27819585576954764
7.242205255895735	0.35333504762311496
7.271728125758802	0.3610307294798111
7.299943878538947	0.3425245271155244
7.317315060253602	0.47733151466594037
7.348579892954422	0.3078732251039906
7.380977751265373	0.42939230353946
7.397979380767868	0.568484951109447
7.416843124558477	0.2758794323608876
7.4553708262035325	0.3752384370821729
7.489238375510045	0.463463666910204
7.493994852640492	0.4350604297496446
7.528893793764773	0.5244179158158362
7.561723820082694	0.5683735348480088
7.587018855608264	0.3694245768344274
7.599342727985512	0.44341639515169706
7.632972034297463	0.3996035205915582
7.666400320791711	0.1337081201476946
7.688350028922656	0.2404063943776159
7.705531475525984	0.1569244902446429
7.74051160304961	0.26148874957872326
7.772214833052885	0.14119920080008144
7.781595672280792	0.21033206687813596
7.820450853874917	0.23562056601090842
7.85098307746966	0.14279426243621576
7.875825415379484	0.16203640103597305
7.890984207927151	0.19733560730248045
7.925947147102207	0.015575263536091892
7.956726551205957	0.2505354210476611
7.974713386073125	0.22631687656071248
7.995677894406009	0.10901934004056268
8.03254905676726	-0.016628201286418502
8.063839487077862	0.21351622161125602
8.072812458082481	0.08705491472196165
8.107219193105147	0.06021007531418684
8.137990540822699	0.088704702089515
8.16922291931516	0.10207000361516927
8.18176580703155	0.16438511651869442
8.2130232812194	0.11797423801921897
8.249179367749097	0.18749347830002966
8.26343144294853	0.05227421668819633
8.28492147294348	0.044631510250417915
8.324027627282714	0.08704080895086515
8.35518496556179	-0.040219265361546616
8.357769777210414	-0.0028591786636115593
8.397945170231937	0.013783022973925998
8.425528826258843	0.06726496273295318
8.454592243045983	0.10074150318670247
8.463246078508035	-0.04503997022743139
8.502723080341728	0.08713935075030257
8.535761731194544	0.02613157035068003
8.552591591165786	0.13967831693112098
8.571723026668563	0.11301247014641128
8.60624319588856	0.02284633970456179
8.638440495121204	0.12007135865774901
8.645356764785648	-0.005403293632120645
8.682521949091822	0.04047471665776783
8.717218640491465	0.166632443627185
8.742095752225946	0.23559779341255443
8.758659064846393	0.11673090710859789
8.790774899384683	0.1291527663641938
8.828057854478374	0.07692570004558176
8.835927727718474	0.20629629905383437
8.863285957726724	0.03240781496813051
8.896325947230578	0.2214823333693625
8.930432767705357	0.218156096158347
8.938446428754222	0.07666239055312019
8.974428493084543	-0.08601995208811547
9.007201617382066	-0.1231925037906252
9.031600159835836	-0.1468454298939818
9.042376603557752	-0.0767942376034704
9.08151695447507	0.01945842052772424
9.11645455961137	-0.07653318153905582
9.129158432550303	-0.14040574157178348
9.151864407472727	-0.24145667091150733
9.186326633561071	-0.1446547191721676
9.222369421144421	0.05341024099698996
9.231684564943675	-0.0033066099097216637
9.261194985329775	-0.09731958828871126
9.29500107235229	-0.15750508458545034
9.320099277897745	-0.11134874812806848
9.336778857709842	-0.0756383111029058
9.371924902893253	-0.05426206757610502
9.406720875944304	-0.06886395032014707
9.415658359458199	-0.0009425652907355384
9.443811303437935	0.03578778756733277
9.473591779851661	0.0260317892982158
9.50903233894461	0.029844658400229915
9.52118462092696	-0.11581564360684592
9.555718799050071	-0.018241385674081158
9.587446303559483	-0.0956941014019843
9.608739442244572	0.021827085865795348
9.623744613331231	-0.06275538881790574
9.6589884849475	0.08407456150423169
9.692372279524639	0.007095317223859382
9.702657319452593	-0.04799343324326765
9.73195658859281	0.04814897108819692
9.765972592193725	-0.043914895301683646
9.79906775041275	-0.037307341153895175
9.806528790658438	0.05786554628239507
9.844618798496453	0.0378094541139896
9.877775695335055	0.028803349564754555
9.897989621551453	0.08872973341186864
9.91299346650192	0.049065475492783395
9.951361313008272	0.15957195309003272
9.983942964231876	0.19700629964241537
9.994443575748276	0.2666002578776174
10.025017150575714	0.08731641564643787
10.057312275190695	0.41226643309668665
10.087747620956543	0.27037771294121404
10.097685744941955	0.4158454170216947
10.130253381143309	0.3817493109580414
10.16625559694136	0.44663189133529657
10.18271450084216	0.19018821811879286
10.20525362077974	0.3881925872884698
10.24052824351504	0.3219189798124058
10.274529019053434	0.25844174149520466
10.280014652080732	0.3296846423934382
10.311906320984086	0.29124887082842016
10.343878765555067	0.23233816869970225
10.376125475566374	0.21889653395395903
10.384448193479116	0.40199795603743915
10.421167425840359	0.34748951492782065
10.451122965088903	0.34355713999600146
10.470668713398522	0.23050497718014637
10.495449264723225	0.43277801959980683
10.52898767239585	0.3254885607726737
10.56253286429947	0.2833082299567743
10.565820345129318	0.2587572214217112
10.605359837404084	0.23569885608567032
10.634318869235335	0.38960114399205864
10.663642708254404	0.316765442829665
10.676556983221628	0.10855778978347283
10.710915131023635	0.22992962218676818
10.74892848048972	0.3488583519831174
10.76263280779199	0.37552852026556166
10.785607094705258	0.3055390920281458
10.821114582019744	0.29174665070070466
10.852342089521212	0.298940890533541
10.85737445812307	0.44840459777443203
10.887213152558274	0.5513046117889808
10.923263942841896	0.48645025619380244
10.952907096439684	0.7454299362746099
10.962460983657184	0.726084309455214
10.991328657419789	0.5587153740165671
11.02181644954387	0.5844928988111422
11.046425392499655	0.6982646545511828
11.07116762587907	0.8548024073212006
11.105527421605453	0.9153054569100841
11.137979951099275	0.973639715727062
11.141658227223894	1.065338704187841
11.180400692150474	0.7867140938498953
11.208296324734825	1.0399683455079154
11.2385004491169	1.3054723962010781
11.249358965649263	1.0666785141241693
11.28428345260535	1.2148857750265685
11.320319743353732	1.3952760133568987
11.334751872171033	1.642915307525932
11.357250953631722	1.4806572422238247
11.390118340695071	1.6550543072781723
11.429008036488932	1.7654499088012037
11.427997245364827	1.8580401664500223
11.464986293854755	1.7682193056709037
11.498227277984011	1.7115717205348597
11.527485801631826	1.3895708684344967
11.539660641424433	1.2944955351023921
11.574478443201723	1.3028311031410567
11.60825815613769	1.2298890142247028
11.623838979084358	1.612559126754193
11.646072769184203	1.4332646476011992
11.68094503393468	1.5225849110609844
11.715395046532969	1.6788244010480375
11.718695835442267	1.5721161651303275
11.753938419581829	1.6070044822271554
11.783729744116888	1.8785032023030486
11.813512344844046	1.9077470210844714
11.822793031994637	1.8856422821363106
11.856670334583242	2.1286841117507262
11.892586385784162	1.9126069557229848
11.910897208580405	2.1361589920825708
11.930434772991081	2.0833494026980457
11.965249212274756	2.230686175732396
12.002387416124494	1.9178541569323573
12.009056312796162	1.7436678814035214
12.043383454536858	1.840218137675558
12.07351863989487	2.13440384437595
12.10401957280727	2.0812467636763836
12.113700434363004	1.7412133024661882
12.151527803614945	1.767508517268752
12.181765891652976	1.9536616211143651
12.200970542144658	2.2842094742372034
12.221212802349404	2.257502832725723
12.255029718200545	2.1335227169381072
12.285835501661492	2.1106258781718004
12.296467798372982	2.235903211192885
12.33197125124054	2.304446121334841
12.359197663869661	2.5100508346134065
12.388347040859848	2.686163041744608
12.404018173691668	2.396464609350541
12.438583795076335	2.4129871277438366
12.474726550329892	2.621645815932232
12.485759449096049	2.780664410271031
12.504039563116404	2.9320731992807096
12.540288649253476	2.7728415196207314
12.577779031387122	3.0472897016198934
12.583950202404013	2.761987114197727
12.616282389912536	2.863043837310145
12.650876855968928	3.1061438006018114
12.675011434664624	3.1920804504946325
12.683952524057732	3.445335411810369
12.715766252766882	3.545295441009738
12.751122662557803	3.7418894104841485
12.772562423082224	3.799294661151248
12.789380102743483	3.7049325179360317
12.82441856944215	3.7737545698222643
12.862720513573613	4.168880536330337
12.862772262002746	4.389284099440844
12.894591373022363	4.483231092892117
12.927204989212882	4.805080065001335
12.958864657249297	5.024371252881634
12.965958181561907	5.052888800542007
12.996095447045128	5.351082640783397
13.03305548145572	5.564270687569464
13.05077926554437	5.910555666592051
13.05809162586953	6.000515519660452
13.09313545397232	6.339350588770096
13.12155040360549	6.6235219473689995
13.141359144138729	6.7038422601770415
13.170817557223488	6.874730886049743
13.20801915003445	6.909368352383784
13.23414546242562	7.125564958633818
13.247532050351838	7.227746084085958
13.279064269091835	7.02112938566427
13.313062167421485	7.319235858567276
13.334770574764114	7.316755059366116
13.353711739501259	7.053318358111087
13.388106397746496	7.579973297259572
13.423530080944461	8.507711668228302
13.423758513977955	8.696644726426104
13.448668477085556	8.702497427193961
13.484568726430496	9.290134098596676
13.51186703405915	10.1166836574386
13.515509200180857	10.305122341061937
13.545455983145988	10.788382632362987
13.58438592585257	10.9478829651321
13.602786623405377	10.820167634802914
13.621801612875363	10.809648897479637
13.652116369023847	11.166838416065312
13.688089896163143	11.546360314847409
13.693634835591492	11.806239483435514
13.725814048577183	11.662969247712985
13.761373837560834	12.065458776266546
13.788071183156333	12.490723696789896
13.795030883753595	12.498619165829513
13.821348971914333	13.23212893328313
13.855511401772317	14.11419007943202
13.874323065658633	14.190918504725317
13.894396715895018	14.479199517638303
13.924915261034728	15.236596093724257
13.951814665284294	15.639238534979851
13.965708277721001	16.21575291311566
13.997478497751834	16.002123040849852
14.028776462981527	16.484216006111254
14.056717755249837	16.684748305816775
14.06338660344492	16.751961598084154
14.090938655728001	17.43920690954974
14.120542687639341	18.351137758162004
14.141212018519235	18.925913188911775
14.156327989428286	19.118639976637112
14.186898535255255	20.188870380091092
14.210938754319697	21.232900758203662
14.223965738198947	21.985469381911898
14.251214387634944	21.67313026805929
14.285459142526951	22.316548032526654
14.310792675404842	23.006732661517326
14.3177337947452	23.6636180797481
14.342980656093614	24.617093098697243
14.373966346879259	25.77092660152314
14.39047569666638	26.75644256043801
14.410617747743787	26.60236880280987
14.435342434007646	27.63287197151851
14.464713396653904	29.002277385853855
14.471097822802067	30.006033107732318
14.493508816456695	30.344201522264996
14.521617301033801	31.575250400032328
14.551126886728321	32.78452813093744
14.562982284710278	32.59601006097716
14.588845652486183	32.89007892306411
14.616129861150048	34.37537149011225
14.634599250221362	35.60396068629131
14.649816391074603	35.95511498438145
14.675275980065406	37.178681080254854
14.70556833722834	38.63217698317428
14.714624380942807	39.6806278906963
14.714414878368634	39.61315574283308
14.713638915563907	39.37993188208288
14.713727196304779	39.46482444011689
14.71168148315831	39.377302867690226
14.714991854437214	39.35111957226465
14.716902393422886	39.18759302821842
14.714341178375614	39.12659743910297
14.71524315664483	39.20002249511078
14.712637936323317	39.14962282918691
