5.094931483965436	0.08949076221633687
5.09747495625548	0.08921811595855039
5.095611449395392	0.19871522196552852
5.098511436767186	0.06118169769390287
5.097494603387542	0.013109343658370066
5.095902255043379	0.05623838621766889
5.098676101460571	0.1250436287487472
5.098704454304169	0.12774123367814208
5.096637522166496	0.04335971923098887
5.099092439208729	0.16374094095789085
5.096490272789364	0.062482950443640536
5.09871283982355	0.18794744509545322
5.099330096402046	0.14202564786528718
5.098842468246692	0.028361005424784695
5.097033174298211	0.08299350423590376
5.098569472305844	0.1317089193772941
5.098609446361035	0.03544615127162039
5.097390652654459	0.13626547269417374
5.096016497168421	0.11055050634565994
5.0983976371497715	0.021694112770423494
5.100688619032841	0.07200415527979381
5.101852675365249	0.023435816700077976
5.102199096816708	0.04539013469217635
5.098526117673728	0.162402330554945
5.09933699574632	0.226563530623838
5.095560977576765	0.19219903624869578
5.1001192665961455	0.18570963216671746
5.097363995292776	0.1132709341849633
5.101178658586186	0.24613735211862842
5.097545447588473	0.1543346794879433
5.099754527916314	0.14582726836290513
5.09942395951896	0.13264108391521426
5.100160162134856	-0.002454482767905438
5.099241703078899	0.14160790308431112
5.099251798171858	0.13904781552123546
5.0991175100791875	0.26622518293399566
5.098106490901577	0.028167785223700118
5.097518875846475	0.15830707064143013
5.098839130493525	0.15378172108024937
5.096041225685175	0.18291352250955772
5.100276406096658	0.11952567723280429
5.100042292481643	0.22820228122511863
5.097418859095187	0.1820842609884579
5.099533179935296	0.0999172969960233
5.0995363893952526	0.14103828890409992
5.10012453891097	0.11564584345174525
5.097903921026504	-0.037059296903078624
5.125847554227477	0.0431167938620311
5.163679950640953	0.19076759573173727
5.192021277448871	0.1756554584978685
5.202133881536886	0.10434752064752034
5.242855363807916	0.23727867366397185
5.274914209880999	0.21409274205749934
5.2902889433952325	0.1760676875436849
5.311960896647468	0.27364738177231307
5.344409335963935	0.3604110159264008
5.376791314168088	0.2797157655263188
5.388144077174468	0.15219339324848802
5.423275037561684	0.18665852132454597
5.450409931190162	0.18940250556326316
5.480366865705761	0.1523408643586692
5.487395916019759	0.22726188942404907
5.529017371298291	0.2102701098659351
5.5623438221929575	0.36584863048170657
5.577469197348838	0.2227571834880748
5.5967000228644626	0.14908314354095836
5.632434942987848	0.15232745235742912
5.670662605040668	0.25802292992285947
5.675690673264329	0.10278488613225135
5.7063062519308865	0.2086817396665487
5.7383527995986565	0.26878672953215227
5.767099045722075	0.2717025171375948
5.778530993942592	0.28922534839338054
5.815653057712499	0.40563054859094166
5.845336678480807	0.3415147560239762
5.864085002000902	0.11882301282271936
5.89087967222302	0.3323100452893496
5.920443172648197	0.36160096892567106
5.955981759390069	0.25572425325305637
5.960151690813676	0.16663724739983374
5.99686743407943	0.283391562122075
6.029203497162591	0.2579384674147544
6.05636331831453	0.2704853985468698
6.068095339849258	0.278855816604948
6.101593232514361	0.30830473970622424
6.138181022467187	0.2749867150728579
6.153046747034166	0.35508155002946673
6.173926004739968	0.37001742205611887
6.210779518558285	0.3209151375403589
6.2391977288075875	0.33915040423971027
6.250520946495842	0.4553294089841762
6.286319212139917	0.3328536033802807
6.3178941413316	0.43745198189224416
6.343866912343232	0.335931362415508
6.354644505445998	0.3130719713335998
6.390500380175061	0.5105701903771056
6.4206856346072385	0.4984300546429212
6.438051229529151	0.40297987639796956
6.459621233611017	0.39087669847253165
6.496519033433531	0.48571568400943793
6.525544084411942	0.328850479810921
6.5350141107777056	0.4741304291139241
6.564541914974239	0.37871895634224584
6.601511645736055	0.3268986721816802
6.630455286974433	0.32095867292286373
6.640785747849941	0.1674264900512909
6.672857047599177	0.23392622148508374
6.708571117521208	0.3184757447485611
6.727876722926418	0.25353210203199844
6.746331186524294	0.43568111050086006
6.786017205527084	0.2420087833080555
6.819697038983028	0.2246012423034026
6.824367713906472	0.3028488038011482
6.854851415360974	0.1856672698378249
6.8895214652582	0.24021548355526753
6.918258662214848	0.25471636188167934
6.927735374620179	0.1878499307109184
6.944792573540202	0.19795854942567087
6.974657185406896	0.22777772849642505
7.008740593830257	0.33108354226972087
7.014624929156678	0.3618160561171285
7.025201316689582	0.2140680682119801
7.063588545572831	0.23738376390942525
7.099255280861152	0.1990623160840983
7.110497388022697	0.2058771776682325
7.136296030522535	0.3471673703875148
7.1689648316199435	0.357434367227869
7.206496754897975	0.34606147210796206
7.208309824050286	0.44379198448913304
7.247110328849493	0.4372684956529676
7.279367752165079	0.4049235918108643
7.3032672823743034	0.3150156258430335
7.320956927162381	0.26965399481273905
7.354267540437224	0.40313897742117105
7.388458761785239	0.3656096982613926
7.399905927785111	0.5490570678895962
7.424734811261297	0.42711717831630097
7.456766050901592	0.3808881946221918
7.493617419033418	0.4796570209773603
7.4968736664579385	0.3463755247751059
7.5323752308358625	0.40475462707500487
7.568364826897277	0.34060223947207935
7.592480327384999	0.400633591757723
7.605473165330578	0.4053985487732413
7.638318902470084	0.24075467513286344
7.673620628700444	0.16747857045413242
7.68641630291936	0.21787082733951485
7.715930644599053	0.273974719337822
7.746605498220676	0.241285115147952
7.784783201627652	0.2278919277812196
7.785853342901486	0.04793908751384755
7.820125922784953	0.16462776684127328
7.857548413492511	0.16456218705396505
7.877806237379145	0.24380417761029508
7.8921536692268255	0.30142565939473037
7.92873537236899	0.137046387459372
7.958807898391768	0.16823549719973852
7.97226548000657	0.17107722619695123
8.00409996488776	0.08851618238999336
8.040990602352736	0.22798224761346023
8.074184468436666	0.09278836420891044
8.078660253334206	0.12916474880127737
8.108287442920684	0.11939763167861492
8.14376961665643	0.2804409218492437
8.168232655369112	0.32870939297220975
8.183312827548399	0.308658019498021
8.217272641766828	0.2558116285353712
8.250180792506928	0.17299173972442053
8.263215147417364	0.31176335985702147
8.292436643203034	0.08914168211535252
8.324644533178688	0.13289312891542035
8.359874465781889	0.2539911420073168
8.358894424047708	0.2749254938549556
8.396532214060048	0.2827476907353929
8.431151613854023	0.1789573872841287
8.455901532720544	0.23117072384431459
8.46799878392656	0.16189314055169302
8.504340162499638	0.17361498072577927
8.53865557239475	0.243634190755485
8.553869021232172	0.3103699866509881
8.577970124326972	0.39412244778824834
8.606620762039327	0.30245610093443215
8.64422991454771	0.3989066264655605
8.647659138670097	0.3214687102786121
8.684933679695272	0.40381052281080576
8.718576113711661	0.4140768152893993
8.743423022576376	0.4740567359264588
8.760943243320995	0.5335043815006759
8.790581199642485	0.5012603814530978
8.822377129217726	0.5354503344537586
8.838066022469478	0.6063833664878037
8.861648961326202	0.5784053069784029
8.894721867844403	0.5333880161710618
8.930737081868466	0.5776228722746634
8.934891487250948	0.5622048037177402
8.96892737751778	0.5947337869458668
9.001616483284058	0.5027254300884635
9.032775613828003	0.5697948366059288
9.03719955256813	0.5288054703163403
9.075632291057692	0.4460848806261211
9.107934723938968	0.3944245607291128
9.127307607449389	0.40578946955173745
9.148968169563744	0.2540317540237078
9.18490178185164	0.5032592939372351
9.211246370575266	0.6347018895824839
9.221248811818523	0.5424118621632023
9.257728881753518	0.5217643205999298
9.29026430782486	0.49559119870026824
9.318602205801097	0.548036039906537
9.331124506886663	0.4397843990792817
9.366024576240175	0.3311103424404124
9.396912833105025	0.48398693927703285
9.41401486831425	0.2836656250473176
9.436117923183192	0.2727768224088938
9.47052930343126	0.34148829744226095
9.508913363600605	0.5846397983015689
9.509344062153048	0.560742845271009
9.545360590829665	0.5106049530132902
9.582391334740699	0.6095671266724156
9.605131766603408	0.5236144962410958
9.613344325016397	0.6079869625523668
9.648093582362227	0.6383443613933226
9.68539692241745	0.6565273941071911
9.702674314242248	0.6245306091505851
9.720494639315094	0.6824307507475585
9.753843154298227	0.4123789697953872
9.790210524001914	0.3372988225229961
9.799074713411455	0.278471796453348
9.830089613952259	0.3279645860152859
9.866826089945882	0.3080940666916793
9.894608388841617	0.5443168350311522
9.90464135961736	0.48972755914130384
9.935482247610619	0.32417207985296304
9.969752487842413	0.40863352082438475
9.993548223359047	0.41825293381493167
10.009055737404276	0.3703285698929846
10.045196736269457	0.6823524606727955
10.077022088570635	0.6542164043464208
10.086950104062701	0.7080952969745284
10.114586950629338	0.5573287826216655
10.15020735260098	0.6686856102252817
10.183294408904999	0.8445744287585311
10.187232820751541	0.8093699459092746
10.22725613071402	0.7700197221214953
10.263016676641318	0.845979090288613
10.27825410015269	0.8524190116327461
10.295656306239495	1.0424348353869586
10.32754654905473	1.0202061181765953
10.362317374959543	0.9646923886565524
10.374307589562983	0.7692376925581684
10.402007326102083	0.8908600129514577
10.437866087355328	0.919293757449881
10.471972565679243	1.0104543169503168
10.476381285291009	0.7275539288412944
10.507690214490848	1.0457709733823046
10.546946526711732	1.1724131370701585
10.565415949319833	1.182975963203018
10.582849109846734	1.023137624170858
10.613467436727099	1.1086703914399567
10.64765327376474	1.2329532530348302
10.662100829030933	1.247264025180583
10.690411636588175	1.3217650997005184
10.725764187316958	1.0116483107618088
10.759829353890956	1.1983160806261806
10.763662776897988	1.099770997697822
10.805656160583833	1.3044674973863937
10.833650371057848	1.2523430163274103
10.854350302457954	1.2736007152398932
10.870112798998447	1.4063094805935343
10.906689487263248	1.4413711607152668
10.942116062530049	1.4433033283024184
10.949904065761649	1.5084612479296156
10.981199085571195	1.48171521247095
11.0171408517723	1.4436807417525195
11.044182090205414	1.5554243434033515
11.052949804728184	1.3998270036182183
11.088335434128854	1.5603524740300057
11.121576426125996	1.576516488173771
11.131111783168464	1.7043997425840847
11.143245193452625	1.7450102549243292
11.153230317995764	1.763387617341456
11.189180507499628	1.7472791709856477
11.226850813078245	1.6712079046253676
11.236579385355181	1.8009002751524166
11.256181401529943	1.7814003586832114
11.292629030604386	1.846503772361042
11.324034890318142	2.109976891237597
11.330316732237916	2.0819078340139527
11.36662977882354	2.1938679289317924
11.400264103571734	2.262149279893799
11.426915754653708	2.314209579297089
11.43415081127835	2.3098670963486723
11.47463007566536	2.2558600734311227
11.501638239832257	2.231434253283543
11.523679699152524	2.536396684366797
11.540493115776577	2.5517559916760315
11.57730861348537	2.422023244802508
11.609844393035331	2.755667882672111
11.61967699113682	2.673462041087927
11.650240969909815	2.6666837798357013
11.682853600026046	2.813770745410036
11.712857854868828	3.0345817367848658
11.720504416425735	3.157210960854286
11.751813731421521	3.5714011060499034
11.781776066169583	3.7318960638278673
11.80838589506329	3.7233941710859666
11.829293501936451	3.2119260182783735
11.859352553824232	3.175964457748826
11.892526701484515	3.246071479976993
11.902643755521048	3.517136477381374
11.930339020347562	3.3396359599753147
11.966651524266567	3.550947571136749
11.9968774343123	3.9028873305677028
12.001317060053108	3.836504340476198
12.036729401372725	3.9960547994414672
12.073798681334377	3.842203331501075
12.095861588321048	3.685133038870562
12.112940432034597	3.7339247475123956
12.147884435060144	3.5979607504390065
12.182121134123879	3.4614475444927275
12.193961471782002	3.722253205652938
12.222878525935363	3.3962649510200076
12.260379278531925	3.4588536555089466
12.293490047203896	3.206859774490665
12.298524303757114	3.1375046769804062
12.331359311050845	3.1108953459592708
12.36876624631318	3.261698457996071
12.388405629310643	3.24497684883767
12.407606910970957	3.1015018556802505
12.444445604615076	3.155100899554344
12.478369482445787	3.4376449441626886
12.483560725987155	3.5031363552529067
12.509986727000936	3.4785095272051927
12.543809021324927	3.6388540931548565
12.576707716226654	3.7389805079609197
12.577144075887064	4.009057849830755
12.616532782439167	3.8464369534854326
12.649172808314917	4.234036327327554
12.672059772124925	4.379899273684263
12.685822098895507	4.111155910906403
12.721241150775585	4.126499653409455
12.752194513738614	4.403510163159863
12.767492607207748	4.5720875636018645
12.792111269135928	4.513012636615302
12.820711947303112	4.843570289899358
12.858448398031511	5.268725051950092
12.86338931913166	4.766381823695617
12.90228453830101	4.6618871452413835
12.940302376343224	4.721451651316847
12.957815446247269	4.781765476501273
12.973974951412572	4.8480546196557714
13.006790540452343	4.899147878021966
13.040996289097485	5.509512137473696
13.052177277266594	5.418892548991086
13.083937936434946	5.449439752143377
13.112994323365204	5.827840807466308
13.148000507259944	5.7998316209925
13.152307332559648	5.910300039222761
13.186308861995425	5.987976514265344
13.209617272018582	5.991319815037263
13.242574113893845	6.590373973485055
13.25965097181015	6.234178997820969
13.28983571482918	6.328097819449711
13.323951451680049	6.6503531871123815
13.337397828048177	6.908933716503555
13.36115169029094	6.900714071582411
13.395647822992183	7.582133514226598
13.427456145347582	7.805662108049736
13.433757593794304	7.6630913088539065
13.465403831447617	7.750613527386911
13.499565600842747	8.139566263509368
13.523512093084369	8.361527856303937
13.537720136027719	7.9645113907677585
13.56888884042437	8.42030755508866
13.606002527409686	8.565502059484238
13.61597017927166	8.780821918049702
13.636797404612091	8.908888963216546
13.670388474557376	9.47002868901903
13.700529655286944	10.335363917751707
13.708957804768707	10.209321488977329
13.740765073016876	10.236668011374821
13.771884036044984	10.681239299817118
13.796309425523187	11.110475875356462
13.8086813999597	10.936250513045707
13.845517935031399	10.989578613310949
13.878041943406586	11.822500498599483
13.894347749463702	11.122991332639236
13.914453458114115	11.20627276641138
13.940231521196958	11.952133631243125
13.975210891240073	12.293133050467972
13.981041369545851	12.585976357510976
14.013737087670071	12.921653968787112
14.051323900363082	12.600709635499554
14.0809863591665	12.142956849528083
14.089167973044786	12.316706902695524
14.121316983104963	12.61362123272265
14.156306984253545	13.06565045709485
14.173846874169664	13.373984752673072
14.191669304004106	13.465827327662454
14.223643853654744	14.131839865618767
14.255496947348648	14.495870002656561
14.26246278000516	14.89253521939896
14.294880722427942	14.78265297844227
14.329966796224452	15.564571501520632
14.354641790247017	15.763782564197328
14.364472924408565	16.00762796731231
14.390118572537295	16.465476832465143
14.418869312394891	17.053553631994625
14.440066541500245	17.940759809825558
14.462625881662591	17.868410205662883
14.49324014557469	18.47283769373928
14.519829757192037	19.164854055214388
14.529352667509778	19.351695590596076
14.556275317969737	19.93403460094829
14.586845947708726	20.71834110105773
14.617116673711587	21.12977933132486
14.625346929741207	20.570431403872497
14.657292083668013	21.213927074457935
14.683469861559095	22.43491331032742
14.70199514699224	23.33124218576317
14.715750501270625	23.80424879424993
14.750025206079288	25.13824833123148
14.7763090278532	26.322173169510073
14.782540988146634	26.73775917171384
14.80524332437726	27.309709817868324
14.835318918867634	28.364072219181416
14.86445987609085	29.351766107035235
14.866480407675864	29.83352673270352
14.89667547461036	31.0322923170991
14.927027321350748	32.25559626858988
14.941194406322937	33.55584133349865
14.960593822023716	33.928345591300015
14.987347992710783	34.961599938799566
15.015673545548625	36.214000775500864
15.02229306664019	36.94539856451941
15.020798609421723	37.04651117052905
15.019705594962543	36.840808926978085
15.021990802737262	36.6468939895254
15.023536052918226	36.16065591354397
15.021624221714061	36.24255242115524
15.02359370144857	36.10533988989721
15.023832927833142	35.972287676688765
15.026770341529657	35.932612694464545
15.027270408920467	35.917521921105646
