4.997845231177319	0.1138104098501942
5.001506548928756	0.13891688442674752
5.002393035539239	0.17226542698988598
5.005278703220823	0.10379288947278838
5.002587785893539	0.08482812641694167
5.004240005028608	0.08322984219334177
4.9988566363789815	0.0613409053903096
5.003046562548727	0.13566929211935122
5.002331468703709	0.08812176968456832
5.001410858648784	0.09712078030461808
5.004250266179614	0.11356137295135205
5.004406140272479	0.13209912330828766
5.003602730517759	0.05993625710011281
5.002240691839436	-0.05495273290710381
5.004722259213235	-0.01885515641396195
5.003219722927495	0.04471138226450686
5.002994876754075	0.07967590018259432
5.004609558989687	0.0959771880788364
5.004411636097208	-0.04180970518127117
5.00236873193032	0.15546889598289518
5.003234545171637	0.05164891930638095
5.003257598465705	0.07550413493051449
5.0035138061132525	0.050483280027820494
5.001674649058753	0.12004972578663797
5.002957766649553	0.07531309401413325
5.000626845243623	0.0500768368107719
5.002520576701571	0.10000437910708423
5.003381248615449	0.1552962373197435
5.001305795845147	0.013414971218266182
5.003710984337227	0.15703114918954023
5.0040297604148645	0.08759886051479567
5.002893774864463	-0.04254717989112018
5.002521776003867	0.037396826321039196
5.004956299415557	0.0902216574585964
5.004923621213148	-0.077230334412609
5.001973661940305	0.05113001122918018
5.000212254403447	-0.002697611276914171
5.00339277323479	-0.0337276146981265
5.004049815237073	0.06069366842542823
5.001140304910168	0.12347161055871851
5.005346476186769	0.16108261686682446
5.001991178740603	0.16627605091228734
5.003569359768676	0.12375985075042541
5.003971204842177	0.1627921214015969
5.004499590055659	-0.010075729249556178
5.004110983277291	0.1311103476796444
5.0002028187394	0.019899614238401808
5.003355586203515	0.03686997696215635
5.001365787251325	0.08296047413052748
5.004833840313863	0.062130169225578964
5.003034594451199	0.13530538070169387
5.002508750054673	0.07131707231788867
5.002704255695457	0.22190868517146176
5.002670708681718	0.00791475320129764
5.00213654867208	0.08320341803532134
5.003272192187863	0.1892505574788752
5.002048254783714	0.03902805137295642
5.001403364513452	0.041224169262891
5.005247640133577	0.1248529937269221
5.002745241933244	-0.12606304167540747
5.004371007712427	0.041956181197111704
5.004150357215815	0.006200484956707049
5.004646636268866	0.07990064719251692
5.005484527293197	0.032433533213737244
5.004061531300103	0.06668670665459916
5.004340918822049	0.17796585851401395
5.003692138114083	0.044924539081057396
5.006359699297365	0.14109678346029544
5.00242080966299	0.1257583183745028
5.001929907879752	0.15168532938941467
5.002145022242765	0.09862729095684943
5.004901185522778	-0.01907629952779583
5.004569478531277	-0.09737868473209224
5.004304162908298	0.10494443622013488
5.004375568015007	0.10197602272868131
5.004837868562124	0.14669703673547782
5.001375331105036	0.0954638434003728
5.003451309140463	0.18828616441833027
5.002037643909702	0.11453776664163408
5.003848796106425	0.06634293574660309
5.002218977422025	0.15012661917539707
5.0026573544227855	0.14518694072299368
4.998878971268301	0.09644166964597034
5.004852341293523	0.14587870606158762
5.00149747891318	0.12038946117836728
5.001903785966913	0.17594161548617104
4.999999553263551	0.18786777882702868
5.002959907836036	0.12761838685606952
5.005695862158467	0.19317720483741138
5.005513945826156	0.13407660042223102
5.001934528244348	0.05890734344288151
5.003631985342626	0.095802450754091
5.0020674023856255	0.21851105056865114
5.004248125421638	0.23679562523939382
5.004509538096233	0.12929527891161674
5.003948888372582	0.0854999233643505
5.004828258954811	0.10740409132851442
5.003680591850863	0.08638418335845335
5.002730848049849	0.10743495879119111
5.005559717527291	0.02555293296370238
5.001078432595881	-0.08550732126599557
5.000686397070783	0.08359647043494162
5.031533268445161	0.16883405186983919
5.064089896944882	0.0521014452593789
5.099267080188799	0.034670617948921005
5.1018628378209065	0.20079204132197195
5.136942895428353	0.12027115752991638
5.17272007994092	0.21289372578863303
5.192619144873396	0.06334805043355107
5.2125079538119845	0.13204502249933633
5.242218162207367	0.11482049109818099
5.280347665866197	0.1704737213189831
5.289651431376212	0.08497572462999681
5.317506179206697	0.19154459489375764
5.3510540880085475	0.09932777608223199
5.385604250978165	0.10301487424191559
5.387902781042552	0.06710797854034375
5.425269335212805	0.18790154052807706
5.461548234669944	0.18615023768341846
5.4839445968288345	0.13713369994439217
5.495396158667116	0.1576714590477597
5.527296556105284	0.19292204052082695
5.564484398222763	0.38833181634496794
5.577809366746749	0.2540270546194697
5.601066396834442	0.1415847128598053
5.637231876655612	0.19489837635687532
5.672984971638629	0.2383188234398608
5.676067564136334	0.20004478498673586
5.71098238728446	0.2308400346946324
5.742253285862784	0.22830384776792287
5.768863250438731	0.2328469758436803
5.779825296480686	0.2313541790620152
5.8161969930468	0.22791122169252684
5.8498269203852615	0.34996055478472865
5.865231591914977	0.2008164106501871
5.8870848232761634	0.2362776201221979
5.923852216358915	0.18741086252890563
5.957467711848359	0.2722605127508357
5.958773412745696	0.12505606969673644
5.997271089368921	0.26344922513254576
6.0326118267324045	0.28386141718777747
6.055933343367549	0.21086764771303965
6.06776141508076	0.28566053719302764
6.104116798741922	0.2810690041058858
6.140092319595983	0.31846200250439544
6.152997013762491	0.29730757732545016
6.179801905703872	0.2858298964773942
6.212026234966274	0.33881752521342007
6.244999504431426	0.4448993293180276
6.249585269728884	0.40476372098063096
6.27934321936797	0.41082565955970635
6.315064727754958	0.4378757939416468
6.342810167168976	0.39331138391616205
6.3574563251861935	0.39227194190415676
6.391587362903161	0.5122231931423372
6.430371617109698	0.3580895594684575
6.43946408968243	0.34404116472742086
6.457596723481775	0.42163436090740514
6.499365293980981	0.3629211660538105
6.530702402324021	0.29141426189325936
6.534556830088793	0.36866544542167934
6.571728357912415	0.502297027956006
6.603524883469358	0.3767164724918813
6.634541031301833	0.438851462086353
6.64246730445779	0.45542845730127746
6.682144375081503	0.36329822997100547
6.714794536542506	0.39238434321287136
6.729177947812023	0.3535323706372065
6.75585538091557	0.285344413808219
6.785006558181511	0.30474110685543615
6.822222843332817	0.3813022991895533
6.8236456446035625	0.26597209273719563
6.862025317656178	0.49263657927282084
6.897549750862881	0.2161836671850393
6.92155181971323	0.4384672380405599
6.91973664176817	0.2822658047725199
6.938000037313028	0.37855326261157285
6.9669643130591155	0.24611750099255486
7.003757830629942	0.408276015616155
7.0145883062043275	0.29578322195922857
7.023699135012357	0.48901045606922033
7.054581526788141	0.3681690689769657
7.087837779034276	0.4069163405597311
7.110272604422281	0.39102650055622307
7.128907666383581	0.4521445744752249
7.163722791356147	0.35388907691066324
7.199365728492419	0.4228325941293535
7.206222870556404	0.366633576221364
7.237439642209059	0.49948811003625965
7.273882404655085	0.4541756333947141
7.303024956745741	0.3337672434283805
7.312452601209273	0.30521414668278907
7.34531423176076	0.32079696439690264
7.377739000606587	0.41339073591060865
7.3962618661803905	0.5413523942586721
7.417131626750805	0.28414863261255824
7.452821366217178	0.5689098306365804
7.4834209824282425	0.1787548363678163
7.494533654743607	0.35048270398522957
7.5305357412012075	0.3658344221936677
7.559914385800779	0.3507716856103711
7.589323476056785	0.4579116899928833
7.600371566637801	0.39825013028081874
7.633552011756862	0.4589540739068385
7.667336643562411	0.48915802780251005
7.686299252785837	0.4509985090393412
7.706335727879441	0.4888421983430991
7.744649118690949	0.5186968391158484
7.771770573072269	0.4181619156710254
7.779056315528463	0.34109927866507356
7.821119703422561	0.35429732604772024
7.856423588070983	0.14946273702990495
7.8773223907503755	0.16151981103558172
7.888392511557884	0.11694162094011569
7.9195212725931725	0.23422111944398794
7.95609734980753	0.20088780274602863
7.974866697716454	0.1444272600817723
7.992109237202653	0.13589010953206923
8.030138939235657	0.23464850815556898
8.058384957662648	0.19205148645336156
8.069213160522175	0.28136122420635085
8.101743045553851	0.2951991524750145
8.137366149878515	0.46197575409463
8.164943937911136	0.3062910072514628
8.175434376782075	0.3820390112821542
8.214047558685566	0.3016504601183272
8.2438999838229	0.27027688703533753
8.263091788433758	0.4173940263024894
8.277127422789096	0.4058210686100862
8.315719285661848	0.49714331620681124
8.347933388636694	0.556005798682503
8.357774872981835	0.5811862444840584
8.385150356269413	0.5860770465852516
8.422261720648454	0.5318826501988465
8.452177116568253	0.5144609689994029
8.46537410966235	0.6609170647519266
8.49938158153035	0.5890889477956307
8.533488933068151	0.7108305277569072
8.549841278565783	0.7224862770842102
8.574935113534522	0.699462737935795
8.610436927379645	0.6574987335643779
8.641796815573704	0.6960051637357348
8.646902604671677	0.7325005828180824
8.681602698152593	0.5369227399221346
8.720427757624659	0.628940687750612
8.742023662619637	0.6588356280785195
8.753698973749453	0.5948172916406027
8.79023309762618	0.6950708861125252
8.825412447911066	0.6445650257370739
8.838273382441388	0.7297282996539427
8.862937652103486	0.6741644254019181
8.890275359424919	0.6522948029398618
8.929231889093412	0.7385275972344029
8.932856010696398	0.7866890239052191
8.967655316679974	0.6870472126401155
9.006235754244377	0.6607409345915143
9.024927537241252	0.7734609643563201
9.041251360982313	0.9577226635658463
9.073308718035175	0.7993675753598684
9.107316066432276	0.9390429181142386
9.122174010168774	0.9627287585661439
9.147334008846533	0.9437776670132424
9.180433695262291	0.9307849172527326
9.215700434981951	0.9884788158999336
9.218501379657415	1.0131667698383866
9.253994122918932	1.001711641806631
9.284896893167042	0.9134729549617604
9.3131665460226	0.9872985571428307
9.322851586448726	1.1164726153873985
9.358954175524456	1.0867586298331833
9.392908933890194	1.2547852802799329
9.411856167653024	1.1479074494079398
9.43699708095879	1.1334816676965676
9.467631421011516	1.1089528545009704
9.503029813479138	1.1063770803247939
9.50836017608007	1.1750022339705162
9.541700358567114	1.209792062227435
9.577841729288714	1.2026905863092
9.60197314435176	1.348910773830632
9.609121247897209	1.3446805677360278
9.64989893775897	1.4201467846938678
9.682624837704337	1.3346223559029349
9.698507028569114	1.573281540708561
9.721674580697574	1.4841216095810705
9.753782828869891	1.5474150518457428
9.791883834955465	1.6501556258960886
9.790511554934678	1.6375819793285344
9.82200674653334	1.7558007733711805
9.857708456362415	1.7243413502403693
9.891677197324583	1.6402464157036198
9.89845649531414	1.4845156893955953
9.933995776312264	1.520030239707284
9.966845225722635	1.4918777765181845
9.98661576665829	1.469277063617746
10.004485894545423	1.5267700735237735
10.03826398672452	1.5888817556286252
10.072663579647168	1.6817072039068888
10.08167175156116	1.6166593341852333
10.115304178255778	1.623106119084595
10.14766303415364	1.5385081987536604
10.175794761332217	1.6005943596604946
10.183821183438846	1.679740276331537
10.21837419347015	1.6729982579343896
10.250419009067135	1.8298715517012751
10.275114292915866	1.9430856832989407
10.288155969587773	1.8367437102020614
10.326638903559182	2.041841868214043
10.358666613148463	1.9035842626979724
10.370111046512703	1.8936341836353905
10.399545404954493	1.942127094602999
10.43308468934369	1.9601619200692044
10.461948458381256	1.9930709408921927
10.472351187126344	2.078494926636535
10.504241727329834	1.8893652641235834
10.538351378442744	2.0799379732347236
10.557328259048056	2.0609023900459724
10.577000888754013	2.2267102532755163
10.60971627500441	2.25450556268312
10.641495421791085	2.3879883395270847
10.65363074938293	2.3094860241491175
10.684278824022591	2.200851721582236
10.717897021766541	2.1794374319283207
10.750615245011344	2.266549555684629
10.757500218875757	2.114749800880844
10.785134867319615	2.304799651133764
10.816153190013363	2.255556316850954
10.844569386160769	2.421864883318908
10.86034237055121	2.553009486274806
10.893250659564904	2.823402252463634
10.929983613635407	2.788628756926101
10.941706507172757	3.106794661095941
10.966890793650203	3.023497935259257
10.998556951789583	3.145516943723987
11.035420469867216	3.2482702015820193
11.03868788747188	3.2400458856302445
11.07393175402405	3.3274894433717703
11.104007785377346	3.108671019929264
11.122411127169377	3.024293003459139
11.133239446104342	3.300293040061009
11.138412378802666	3.4385876060338054
11.17301305866452	3.4312168388440742
11.207668169758648	3.711844415718265
11.227356865558704	3.8901994801735333
11.245711982825481	3.7521663303899717
11.283227783574732	3.990909498419943
11.31625478160191	4.293991288891773
11.31715464459309	4.349355646054488
11.347127364579194	4.3612103855237665
11.38296095763033	4.536425121905851
11.413096134307837	4.670765559819445
11.416240779174931	4.916206699804585
11.448791881798396	5.078810000345725
11.485443596341314	5.273939561995077
11.5070595096222	5.3284537200860935
11.522875841717543	5.10384661865283
11.559442016279247	5.326561420433907
11.59521996244927	5.355212476424104
11.603290038270831	5.285031040758851
11.632929118890955	5.106321496978409
11.66715643178611	5.431600369284735
11.701053604974286	5.611608001482944
11.703748539092897	5.437684299309068
11.736668813476069	5.377603970049109
11.772576010996877	5.859586798021775
11.790774579168287	5.9389481567131135
11.808455837504395	6.000088759616625
11.840036830577205	6.158578971418142
11.86893299605306	6.608381549378703
11.885947071909463	6.797309687636085
11.909361354507626	6.88064339246535
11.942633306856658	7.235439916104372
11.979917624313304	7.18824210398899
11.983135576005093	7.4018699187770105
12.017401243867383	7.700246832173357
12.055038481983871	8.182891799922924
12.08047864592429	7.198132788937487
12.092435978375635	7.25603562352663
12.122378846570909	7.48416510838607
12.157855249798367	8.087975236616955
12.168090762098315	8.520674475767256
12.193316927224805	8.500570087154513
12.223530716622541	8.988586499173314
12.257795635460855	8.997349916671475
12.261778300146261	9.478444049289314
12.293264004737358	9.602880684178531
12.323626362563969	9.955008929228523
12.349396433958898	10.393302005606817
12.365151995605647	10.365352533652276
12.392969518619953	10.82366875607466
12.435452017778797	11.271547512870224
12.442192795851884	11.221682926216475
12.468197795702526	10.932801752065767
12.501053983437034	11.54184559271349
12.532847906685666	11.974715155011635
12.536652228189709	12.027539302971226
12.568167361753686	12.187585786200307
12.59838888114573	13.072760521155201
12.623712319563493	13.626416246994554
12.632193723737533	13.657048394586687
12.664533027457113	14.51418581361286
12.700506935178844	15.020563125578558
12.709029134360835	15.64223899802883
12.733194613092781	15.801853249397253
12.765362586006649	16.65406470913755
12.794550172900522	17.355311585878844
12.794237387760106	17.76462231262447
12.826418834831452	18.424732881561276
12.852184628198641	19.376525423872394
12.875428824495062	20.608880919189943
12.892890109895006	20.758520902229957
12.9179531989736	21.694351521319856
12.949814883077531	22.79396129877098
12.958614461620373	23.427084445354577
12.980646708106397	23.738576466211928
13.010879570940846	24.93671080477315
13.03954799866841	26.016826427751944
13.047552992060268	25.88198786572917
13.067365857066273	26.513100485803488
13.086796279357689	27.037333760363115
13.11833040632117	28.54951634394702
13.123856993580695	29.343489041496767
13.12867287363334	29.265401724948035
13.160232988187628	30.05269357765498
13.186054173810618	31.472373948810336
13.199769706442792	32.68314470422335
13.220551666303663	33.01126550942106
13.247998125320372	34.05361719220599
13.272582811803316	35.32877036229713
13.2785059745178	36.235173731973745
13.309574442051783	36.958408844638754
13.335632960329667	38.16493355640937
13.358547671989957	39.62428429701378
13.359746530586701	40.01691139452871
13.357427492098601	39.90528302487349
13.358716133323092	39.85709727918609
13.35971555877415	39.92384652680244
13.35882318928873	39.77530521306608
13.355798955805058	39.80031698540904
13.357116080308565	39.91087873686894
13.358850808541447	39.758786642805774
13.35625231098726	39.86582038653721
13.360556156530771	39.736610215188286
