5.093947417144468	0.02430929464631461
5.095988356059204	0.14822573454175927
5.095940640721706	-0.009468455788296717
5.100282494559549	0.031592805712676815
5.095976653212345	-0.0353508060306689
5.096782047316061	0.04102365364491702
5.0994234898655275	0.057777205344478444
5.097176119907223	-0.006883569924803459
5.098561656373814	0.09473406346890005
5.096525362374319	0.03459848682613516
5.099052289314791	0.09812158015330151
5.101017629418285	0.1702147357307467
5.097859802658002	0.001381302435853789
5.099221598906436	-0.0008362058086748527
5.099191875013123	0.15494429981057203
5.100704291195692	0.0476369962694505
5.099620912381564	0.20168870684473766
5.099114849801563	0.09144218110568035
5.095968464237812	-0.022129911906323633
5.099951526498225	0.08325785224783153
5.097170826666616	-0.006523945581186028
5.099461042566398	-0.015430539171565064
5.097215977657841	-0.03637692872061342
5.097985935528039	0.0004649648537900153
5.097438083270037	-0.03604876763439653
5.098878953753006	0.10758330349214774
5.099484663104386	-0.03199773687324332
5.101067351976303	-0.10777439201023682
5.099817119983339	0.0016921139796966425
5.098403964201401	-0.11565811992183112
5.0968346144977055	-0.17778020063060793
5.1003682444238105	-0.10610219481711756
5.096999280666461	-0.04486405899323373
5.098985279895633	0.008391950110351772
5.101627940407592	0.01799447695441921
5.099589242893359	-0.057010947067629436
5.098094432021686	-0.0394065713738986
5.0969647275772	-0.1460263172111686
5.097964605402407	-0.16161950440146264
5.100714236013179	-0.09480686687437319
5.101147568992905	-0.17911774919495554
5.097056985171953	-0.07542934517739872
5.096648868912476	-0.02309245932721107
5.098109885982467	0.04945721799984978
5.09983587337951	-0.11216254990621498
5.097774745072739	-0.2294978174442662
5.096620652986328	-0.13962969293164956
5.098397767591829	-0.022297372591501795
5.096638750243885	-0.054601312236333174
5.0999696622820565	-0.1332258555640004
5.099465898829235	-0.009669601383203904
5.099193150335944	-0.05237760772667061
5.102708596371823	-0.07441497685537254
5.098518452335041	0.02520240682603349
5.101476851688359	-0.07468035706549837
5.0989943235571555	0.06771101788709522
5.09992021493896	0.02961919199652403
5.100580682284521	-0.12606807307234436
5.098739703115264	0.005595440608732112
5.1013744174106606	-0.007027519226169236
5.1007250185154565	-0.10019034090108034
5.097490203567107	0.00047049382883252247
5.097263144496797	-0.03806750022303284
5.099846042352754	-0.08206923641485152
5.09945649045296	-0.13145370784791816
5.100362239153267	-0.042415919934882466
5.100799147777403	-0.025716392252952375
5.098574313012572	-0.10468805882693208
5.097246988164034	-0.07872709280868294
5.097693077057926	0.008655283434602383
5.099581362214346	-0.03261554422671647
5.100785404063185	-0.10329692051310775
5.100791627346624	-0.044533297594041815
5.0981121201528	-0.04098737100831976
5.100064820001972	0.016870034895067616
5.100909827119148	0.05091181242378615
5.097298962917662	-0.07895686038214933
5.099217584606201	-0.0596531377917028
5.098720887002122	-0.05969769529315728
5.099970907475214	0.050397726311887936
5.102646174424418	0.006349616106699965
5.098039061280524	-0.05860778020007853
5.099659074636543	-0.08412572914913116
5.100177529572351	0.024597254152506853
5.100221710402334	-0.055377224973822935
5.097833844183098	-0.020038555912748977
5.099393805885093	-0.018729348641446167
5.109183928489564	0.03709118073796441
5.142484028534726	0.05959842271406164
5.175703623389916	0.0491964664527386
5.191081055005171	-0.0038978677944366915
5.213938075048718	-0.051262724862674997
5.2493604079229055	0.1665462713820654
5.280966236458848	0.05803924380819462
5.289330240485551	0.00870636555028324
5.317458494636533	0.053130803535184686
5.349641777399592	0.030543163694989814
5.38556518856401	0.0631044548850389
5.39305684844466	0.058040051441042795
5.422781211721931	-0.02434960473150804
5.461708366530848	0.1187643606547308
5.48139284098105	-0.030054672862581087
5.500723352478815	0.15412697536777276
5.53176513940357	-0.07072281311654326
5.56693032844421	0.03325807844711063
5.577931123748648	0.18756718823119337
5.607792459219343	0.0907003637142852
5.64640015860933	0.08712567215926974
5.67781161069728	-0.21922246358991088
5.682343238506455	0.047324868681260866
5.7175094891619125	0.06162119346694133
5.750970535020814	0.07104562535199394
5.771286816925295	0.1507872520121734
5.786673453139969	0.08002801462322194
5.819029281541942	0.0035903689311318674
5.854527696036321	0.14937064810784031
5.865361794318156	0.045366581453396476
5.894492262034623	-0.08485088282407938
5.93296699584981	-0.008399912513975906
5.9602849379071134	0.06992225042719323
5.968584276352292	0.01334805660928958
6.0010085205931745	-0.07192761332034416
6.033592284119171	0.06436297988512005
6.054749377190332	-0.17476458166114703
6.077432127182647	-0.02814491245302371
6.111543965633123	0.1540902611728675
6.143535948268388	0.03309459237473782
6.152680371056437	0.14879238034025466
6.183274084602228	0.06107907057930165
6.217379302296269	0.0521307898940511
6.249242443824217	0.013360348516447679
6.259009565142437	0.10339730536609668
6.296705459388875	0.13205560622013227
6.323033370099434	0.21815801414921038
6.344359037465791	0.09506754698798787
6.344596173217724	0.0355111198890016
6.353629621045682	0.04880848757619289
6.391195583901519	-0.0632425123767037
6.4294512172359894	0.09041431339918789
6.439956189336369	0.0010161438212404929
6.464984637804392	0.11953372494620534
6.498590176846458	0.07442116523844716
6.531047834993588	0.02930744571695807
6.540296890107463	0.10049567649128238
6.574422301634716	0.19376900087571958
6.605455927987636	0.015163427246644169
6.632465585608969	0.11376009805420328
6.645147472880181	0.07376227452875687
6.680452652476314	-0.042914430648696884
6.713926705361725	0.04322749568245655
6.73023585147644	0.03867500700958589
6.752444792997542	0.14180924249416416
6.785311464315857	0.043991749379184555
6.824454153312466	0.08772179788072823
6.828920364863611	0.14265260184243087
6.865043967473413	0.03854116503472237
6.896338317948306	0.03407137531757348
6.922057523366542	0.06580022211870518
6.937518943096057	0.1445564572642762
6.969232644667601	0.11030408616030984
7.006240628502539	0.13251827921928047
7.016771374256395	0.03238859945812566
7.042242382364966	0.09431810872007321
7.07582124855638	0.0853550046620803
7.106762269097363	0.04485777540674421
7.1136112586263565	-0.04231041660508762
7.149511409225543	-0.025000400576876507
7.185227232784403	-0.11959463628898026
7.209440376595648	0.024120475382261305
7.225144929808916	-0.011985468716787675
7.257102472521959	0.14184992865389798
7.293599213463608	0.05317903113214148
7.305975012328929	0.11977412149755513
7.3250884353786905	0.0292186670070713
7.3606545703371875	0.13000275710158893
7.393642870379123	0.1437145278233465
7.405022490999608	-0.07653777227455907
7.4362859222395805	0.021180710349132777
7.467794211018225	0.084791843600728
7.496266759106815	-0.0017071252969042174
7.509140974020092	-0.002766914360741454
7.542831525493742	0.06749265514864133
7.5813033014120474	0.055626330781925304
7.5890633149524565	-0.026463317591118533
7.616040641147205	0.08264166280803217
7.652809578711125	0.0025128278324842985
7.684014508037157	-0.09445980717949867
7.692171596312207	0.08778958078452784
7.72657125624267	-0.12365000708370308
7.762615048596974	-0.011131943786533828
7.781901009762773	-0.005387322829691164
7.795288210015148	0.0027408636292853422
7.831543337969146	-0.09508858245185375
7.863230613109851	-0.18587287242805775
7.877987211415551	-0.05055288178815526
7.907358457231961	-0.20144358888932404
7.941666306422107	-0.13615443289619317
7.975057746229838	-0.20010529889154138
7.97757302224133	-0.06276544497701418
8.012018841324455	-0.01953534504055317
8.047766985984763	-0.0200777247819185
8.073491936472228	-0.18539497356373025
8.085573016965444	-0.21181355759388895
8.118167191943076	-0.08096340433471307
8.154120945989284	-0.17751542945508964
8.167250745486482	-0.17114285939457624
8.196267201084654	-0.16268219299962508
8.232214962369214	-0.15744690503676861
8.264353533544531	-0.27331714777124144
8.268075146028897	-0.33349167350112213
8.30233389593729	-0.2784337004654695
8.33354965434892	-0.3332712718207233
8.36010301422348	-0.14364817476501512
8.371491020839471	-0.12545596681238955
8.3957199848287	-0.21914840233370403
8.425678825886786	-0.09551270620834544
8.456673963157137	-0.1445313596806374
8.480282276017801	-0.24592559653246002
8.512915653362004	-0.31777265181706077
8.547176109217773	-0.1927646365472395
8.554454163250563	-0.1782728937399356
8.59012277148908	-0.20731988842418694
8.618617137668451	-0.1594099268467098
8.648251578332887	-0.20346703222824822
8.664048376362157	-0.10604702687361545
8.694943860497549	-0.010759127223729414
8.72992681309279	-0.1518883335605053
8.743714901157768	-0.16900875976348595
8.768965758959629	-0.0014501444684041106
8.79945947500729	0.0012318824149302131
8.840605295773106	-0.08318523672495232
8.837613562050116	0.05140420895974025
8.873600982615168	0.08493503822877577
8.9040089811619	0.1644965839475259
8.936866778719024	-0.01471229406744272
8.94654712242394	0.05430952911386942
8.982853606361225	0.1860410931443774
9.016016631949325	0.1784708909525922
9.029673251398881	0.28743688171045984
9.054964835583979	0.1525835016108394
9.08508900109966	0.227149141743063
9.12019404686488	0.08652204207226077
9.12537398777524	0.36257822636896503
9.164025929071668	0.2168549448875577
9.197892942574349	0.0914690289399504
9.220089037727883	0.18740117334121273
9.233387158840296	0.2648952981264488
9.26806717202074	-0.020288652002211634
9.305883631503972	0.12596410298284372
9.317627309691016	-0.01293608435532804
9.345122256841655	0.07589752602964758
9.374313233644338	-0.14041980411941613
9.410305727017155	-0.1157548928729311
9.41825675449183	-0.07763823161027164
9.45269220110146	-0.0036803073928786682
9.487677519147784	-0.07843869373838303
9.51018607795439	0.007654139107480276
9.52739177216816	-0.05652480505229321
9.55785773835098	0.05635656857185568
9.596022482326521	0.042312638319285736
9.607370087474656	-0.11200476757533698
9.634283728690356	0.03624857606301446
9.667397217907412	0.19989480600127277
9.701936508110492	0.08564643831350927
9.704395301558062	0.2284071901073646
9.740419068859458	0.12662131487539965
9.771154942804564	0.11945903876753278
9.799149927019911	0.25550677015547574
9.813398048705304	0.37629655083269253
9.845689390164454	0.3305472798668498
9.881772214674067	0.5901698409911101
9.895652882740018	0.42574487557235463
9.920781296954328	0.4409236226564104
9.954583678820214	0.4561743337992423
9.991886533256398	0.5385534722089239
9.98949002730776	0.4970832545611542
10.02818241626809	0.6205759943763534
10.05856786191896	0.5151488389229991
10.087014041590619	0.47913614861421244
10.097016973233448	0.5650527983401313
10.137777065143652	0.611898866490115
10.165647318923792	0.5045685334969129
10.182165570640768	0.7683576910230213
10.208302918809666	0.7416159982459113
10.246697377371081	0.9084342604806279
10.275479233265695	0.9204175168439392
10.277917267871873	1.0841963812797584
10.317030687121996	0.9246660389923563
10.349162807971762	0.6817418854559472
10.371786853866498	0.7942872123197047
10.382000484766245	0.8833239198583046
10.419616232103259	0.7709715669338142
10.451843284235274	0.9616435566298439
10.471264517304318	0.8827379703107401
10.489266152250817	1.036034430309581
10.493383594655501	0.8588240146227349
10.532921969949822	1.1357807863369696
10.565271723230605	1.2320835521284732
10.563681859812503	1.2073153115409447
10.587358240612167	1.1576912617812813
10.624353675400634	1.254141106782438
10.657022633121489	1.2614955280129094
10.66686861482802	1.5512907677817702
10.700318152952066	1.4902476898546968
10.735737634999522	1.4379746255353933
10.754788423896008	1.4773701456100834
10.772788630431744	1.4657688678084402
10.806014810468575	1.5440950530259934
10.838660549327948	1.6457866497007754
10.849714798013856	1.7297912352775382
10.878566177730239	1.8065133636826003
10.913924536787395	1.6521697666518929
10.945787797340838	1.8473487236558774
10.95278654630549	1.585041778949149
10.985134862305749	1.7821138644219643
11.02170072756729	1.7519586068150959
11.040972447158266	1.8579318730087822
11.061829790217352	1.6859849727148495
11.097245181051338	1.9441766997087813
11.124543906138799	2.05012785000229
11.137641986332815	2.1952859844399333
11.166926912900646	2.2254071731804705
11.202104615383863	2.3085929885192353
11.233002512972485	2.504852304068917
11.24219985636321	2.2776422046125617
11.272353426602045	2.162980588408002
11.308341328310368	2.3484842071566394
11.327292015064291	2.631076095405347
11.34965313156136	2.507901512620946
11.384837197015633	2.5302945447203498
11.41895498009538	2.6006129231410022
11.424205965409552	2.736233178434135
11.453235074845933	2.5451535486356445
11.48660480290247	2.91065002122534
11.520475438105054	2.9516031287719966
11.531677085465054	2.8839776339385566
11.562408118394371	2.7547360072762856
11.59258633513012	2.889044807166027
11.617109504760778	3.2177860173822257
11.633578631421198	3.1592472791678627
11.6684859851115	3.2666378959952564
11.6999733047378	3.520490314964665
11.7090442275353	3.5353591455209563
11.741846114910699	3.9024794076444214
11.775155179416915	4.104115092699696
11.801944380150179	4.051365609734969
11.810478684364014	4.124016394750741
11.845043929687499	4.3727769189835755
11.883866898860415	4.598866066413677
11.895915377640137	4.906401552201174
11.91726832644062	4.734242514561674
11.951656495283338	4.9871635819219495
11.984111614550619	5.162244232715313
11.986969912143977	5.207228707149243
12.020863198688412	5.436818900610476
12.05812628605315	5.524095336607833
12.081890803649976	5.673777229172729
12.091502418300893	6.009876485699325
12.130607264021123	6.026623404217616
12.162161234215569	6.542536037382488
12.180524485220928	6.7073071754239555
12.200535319071426	6.108579644883956
12.233997979883398	6.53233893388325
12.268651861310389	6.683590125920387
12.2727823715977	6.687215904887043
12.29927170220222	6.898343637908657
12.33493365362549	7.47055133109112
12.363377050475833	7.7411057668404
12.369788548332341	7.738085164379043
12.40819728739419	7.648772548275552
12.43836048751766	7.700676248993475
12.457488272667579	8.173138224310877
12.475805408836639	8.113460575493281
12.508061603117838	8.380225068321565
12.53932188310792	8.953370701278736
12.549953464353267	9.22613005679204
12.576210042298099	9.420879212777795
12.609777012639938	9.8720302277823
12.636109035447577	10.403961599153309
12.645069014760926	10.692156004697141
12.671976877987799	10.928836714101692
12.709258116759202	11.131972239556273
12.730678331297016	11.189190596038289
12.74827590521234	11.21191008127902
12.776560741576365	11.685311532197575
12.811834928409754	12.008351177555662
12.819797525560908	12.623827750291209
12.846388539020282	13.001357602792364
12.880207424223343	13.542402724255474
12.912815060064347	14.038098848184324
12.916139117894991	14.13377134259675
12.949427845821207	14.712302724192545
12.977571772079397	15.166171188062728
13.000636798240604	15.901762124744101
13.012379575030014	15.959068838907674
13.049168410472316	16.344851571083762
13.082660556669444	16.27199020043666
13.09006426707467	16.57227242828985
13.114992775026083	16.981111598075028
13.147492833889949	17.789972024789744
13.173344333766417	18.648033322835218
13.18050477526057	19.125622114403917
13.213970948154952	19.358895982191083
13.243070026112052	19.691316473740198
13.263113715365309	20.653937664606417
13.278071963122153	20.54246608429091
13.306882741626474	21.442027244081668
13.336300851870478	22.67689878052028
13.34743813214142	23.368645082810755
13.369290663293032	23.665128658548127
13.400670673322876	24.91828215610467
13.426734165034574	26.088920374832966
13.431746219298901	26.756559533010083
13.457354165987242	27.2710547175661
13.487125717662366	28.591971984643646
13.508326287881765	29.723507154955534
13.521219027795173	29.86901265360532
13.551505974062854	31.017502560931362
13.576574648888545	32.002546192324516
13.58283780500465	33.351961788048655
13.608105918751626	33.83257663161444
13.633795514326646	35.34391298014753
13.65992810765765	36.24805205713
13.668156718181674	36.976993747272736
13.694127437260697	37.74853504883879
13.725565098434302	38.7642419256607
13.739997420300181	40.2776038438579
13.740774935375207	40.57793003341789
13.740106146392948	40.494957332527974
13.743027900600326	40.50318487636326
13.767347331248368	38.8759688371154
13.764208373898589	35.26603312991381
13.766636573968318	35.252174732786386
13.765463082386342	35.398287094702525
13.766826477470305	35.587256583761814
13.765909709828478	35.521530093257205
13.765216058810571	35.38932325980303
